1	7713	 1.401	MH484165.1_Enterovirus_C96_isolate_3499/BRA-PA/10,_complete_genome
2	2576	 1.219	MN776184.1_MAG:_Torque_teno_midi_virus_isolate_SAfiA-380-165_ORF1_gene,_complete_cds
3	2660	 1.169	MN777551.1_MAG:_Torque_teno_midi_virus_isolate_SAfiA-35-91_ORF1_gene,_complete_cds
4	2561	 1.141	MN776672.1_MAG:_Torque_teno_midi_virus_isolate_SAfiA-587-291_ORF1_gene,_complete_cds
5	2662	 1.136	MN776733.1_MAG:_Torque_teno_midi_virus_isolate_SAfiA-276-12_ORF1_gene,_complete_cds
6	2590	 1.127	MN778061.1_MAG:_Torque_teno_midi_virus_isolate_SAfiA-644-39_ORF1_gene,_complete_cds
7	2642	 1.112	MN778157.1_MAG:_Torque_teno_midi_virus_isolate_SAfiA-108-32_ORF1_gene,_complete_cds
8	2599	 1.092	MN780177.1_MAG:_Torque_teno_midi_virus_isolate_SAfiA-254-90_ORF1_gene,_complete_cds
9	2664	 1.086	MN778147.1_MAG:_Torque_teno_midi_virus_isolate_SAfiA-813-509_ORF1_gene,_complete_cds
10	2609	 1.046	MN779972.1_MAG:_Torque_teno_midi_virus_isolate_SAfiA-265-37_ORF1_gene,_complete_cds
11	2714	 1.040	MN777757.1_MAG:_Torque_teno_midi_virus_isolate_SAfiA-277-38_ORF1_gene,_complete_cds
12	2526	 1.027	MN777833.1_MAG:_Torque_teno_midi_virus_isolate_SAfiA-569-102_ORF1_gene,_complete_cds
13	2641	 1.022	MN777598.1_MAG:_Torque_teno_midi_virus_isolate_SAfiA-502-33_ORF1_gene,_complete_cds
14	2583	 0.988	MN778482.1_MAG:_Torque_teno_midi_virus_isolate_SAfiA-131-19_ORF1_gene,_complete_cds
15	2538	 0.960	MN778535.1_MAG:_Torque_teno_midi_virus_isolate_SAfiA-429-25_ORF1_gene,_complete_cds
16	2564	 0.944	MN775586.1_MAG:_Torque_teno_midi_virus_isolate_SAfiA-128A-37_ORF1_gene,_complete_cds
17	2485	 0.944	MN777870.1_MAG:_Torque_teno_midi_virus_isolate_SAfiA-676-59_ORF1_gene,_complete_cds
18	2653	 0.932	MN779919.1_MAG:_Torque_teno_midi_virus_isolate_SAfiA-267-26_ORF1_gene,_complete_cds
19	2524	 0.916	MN780215.1_MAG:_Torque_teno_midi_virus_isolate_SAfiA-376-71_ORF1_gene,_complete_cds
20	2539	 0.904	MN777862.1_MAG:_Torque_teno_midi_virus_isolate_SAfiA-628-102_ORF1_gene,_complete_cds
21	2558	 0.902	MN779124.1_MAG:_Torque_teno_midi_virus_isolate_SAfiA-247-55_ORF1_gene,_complete_cds
22	2600	 0.894	MN778812.1_MAG:_Torque_teno_midi_virus_isolate_SAfiA-611-265_ORF1_gene,_complete_cds
23	2644	 0.893	MN777861.1_MAG:_Torque_teno_midi_virus_isolate_SAfiA-622-13_ORF1_gene,_complete_cds
24	2597	 0.887	MN775368.1_MAG:_Torque_teno_midi_virus_isolate_SAfiA-302-23_ORF1_gene,_complete_cds
25	2641	 0.878	MN779592.1_MAG:_Torque_teno_midi_virus_isolate_SAfiA-780-14_ORF1_gene,_complete_cds
26	2638	 0.876	MN780250.1_MAG:_Torque_teno_midi_virus_isolate_SAfiA-494-13_ORF1_gene,_complete_cds
27	2544	 0.869	MN777895.1_MAG:_Torque_teno_midi_virus_isolate_SAfiA-102-100_ORF1_gene,_complete_cds
28	2477	 0.868	MN777875.1_MAG:_Torque_teno_midi_virus_isolate_SAfiA-70-60_ORF1_gene,_complete_cds
29	2651	 0.862	MN779732.1_MAG:_Torque_teno_midi_virus_isolate_SAfiA-610-34_ORF1_gene,_complete_cds
30	2607	 0.852	MN777558.1_MAG:_Torque_teno_midi_virus_isolate_SAfiA-380-148_ORF1_gene,_complete_cds
31	2623	 0.851	MN776525.1_MAG:_Torque_teno_midi_virus_isolate_SAfiA-353-92_ORF1_gene,_complete_cds
32	2686	 0.850	MN776126.1_MAG:_Torque_teno_midi_virus_isolate_SAfiA-394-19_ORF1_gene,_complete_cds
33	2545	 0.845	MN778502.1_MAG:_Torque_teno_midi_virus_isolate_SAfiA-334-66_ORF1_gene,_complete_cds
34	2581	 0.844	MN777716.1_MAG:_Torque_teno_midi_virus_isolate_SAfiA-108-37_ORF1_gene,_complete_cds
35	2331	 0.842	MN778545.1_MAG:_Torque_teno_midi_virus_isolate_SAfiA-51-56_ORF1_gene,_complete_cds
36	2665	 0.835	MN777026.1_MAG:_Torque_teno_midi_virus_isolate_SAfiA-393-37_ORF1_gene,_complete_cds
37	2570	 0.835	MN777713.1_MAG:_Torque_teno_midi_virus_isolate_SAfiA-102-93_ORF1_gene,_complete_cds
38	2648	 0.833	MN775525.1_MAG:_Torque_teno_midi_virus_isolate_SAfiA-388-229_ORF1_gene,_complete_cds
39	2524	 0.830	MN777586.1_MAG:_Torque_teno_midi_virus_isolate_SAfiA-4-49_ORF1_gene,_complete_cds
40	2637	 0.829	MN775611.1_MAG:_Torque_teno_midi_virus_isolate_SAfiA-590-141_ORF1_gene,_complete_cds
41	2850	 0.825	MZ286191.1_Anelloviridae_sp._isolate_SP51_C15,_complete_genome
42	2575	 0.824	MN775159.1_MAG:_Torque_teno_midi_virus_isolate_SAfiA-460-14_ORF1_gene,_complete_cds
43	2484	 0.822	MN778120.1_MAG:_Torque_teno_midi_virus_isolate_SAfiA-400-20_ORF1_gene,_complete_cds
44	2413	 0.820	MN777818.1_MAG:_Torque_teno_midi_virus_isolate_SAfiA-49-33_ORF1_gene,_complete_cds
45	2584	 0.815	MN776931.1_MAG:_Torque_teno_midi_virus_isolate_SAfiA-127-30_ORF1_gene,_complete_cds
46	2684	 0.812	MN775801.1_MAG:_Torque_teno_midi_virus_isolate_SAfiA-468-13_ORF1_gene,_complete_cds
47	3983	 0.811	KT868812.1_Cutavirus_strain_BR-450_NS1_gene,_partial_cds;_and_putative_VP1,_hypothetical_protein,_VP2,_and_hypothetical_protein_genes,_complete_cds
48	2657	 0.810	MN779679.1_MAG:_Torque_teno_midi_virus_isolate_SAfiA-450-22_ORF1_gene,_complete_cds
49	2595	 0.807	MN777731.1_MAG:_Torque_teno_midi_virus_isolate_SAfiA-123-52_ORF1_gene,_complete_cds
50	2639	 0.806	MN778592.1_MAG:_Torque_teno_midi_virus_isolate_SAfiA-657-47_ORF1_gene,_complete_cds
51	2522	 0.805	MN776728.1_MAG:_Torque_teno_midi_virus_isolate_SAfiA-122-40_ORF1_gene,_complete_cds
52	2652	 0.802	MN778552.1_MAG:_Torque_teno_midi_virus_isolate_SAfiA-571-26_ORF1_gene,_complete_cds
53	2535	 0.802	MN778900.1_MAG:_Torque_teno_midi_virus_isolate_SAfiA-61-47_ORF1_gene,_complete_cds
54	2649	 0.801	MN775543.1_MAG:_Torque_teno_midi_virus_isolate_SAfiA-570-12_ORF1_gene,_complete_cds
55	4195	 0.794	KT868810.1_Cutavirus_strain_BR-283_NS1_gene,_partial_cds;_and_putative_VP1,_hypothetical_protein,_VP2,_and_hypothetical_protein_genes,_complete_cds
56	2583	 0.794	MN779589.1_MAG:_Torque_teno_midi_virus_isolate_SAfiA-686-24_ORF1_gene,_complete_cds
57	2617	 0.792	MN777720.1_MAG:_Torque_teno_midi_virus_isolate_SAfiA-11-58_ORF1_gene,_complete_cds
58	3031	 0.788	MN780419.1_MAG:_Torque_teno_midi_virus_isolate_SAfiA-606-0_ORF1_gene,_complete_cds
59	2586	 0.788	MN775396.1_MAG:_Torque_teno_midi_virus_isolate_SAfiA-102-87_ORF1_gene,_complete_cds
60	2500	 0.787	MN777348.1_MAG:_Torque_teno_midi_virus_isolate_SAfiA-127-42_ORF1_gene,_complete_cds
61	2674	 0.786	MN776932.1_MAG:_Torque_teno_midi_virus_isolate_SAfiA-128A-35_ORF1_gene,_complete_cds
62	2694	 0.785	MN776134.1_MAG:_Torque_teno_midi_virus_isolate_SAfiA-696-6_ORF1_gene,_complete_cds
63	2587	 0.785	MN777631.1_MAG:_Torque_teno_midi_virus_isolate_SAfiA-587-264_ORF1_gene,_complete_cds
64	2542	 0.784	MN778899.1_MAG:_Torque_teno_midi_virus_isolate_SAfiA-604-54_ORF1_gene,_complete_cds
65	2603	 0.780	MN780311.1_MAG:_Torque_teno_midi_virus_isolate_SAfiA-628-80_ORF1_gene,_complete_cds
66	2653	 0.780	MN777600.1_MAG:_Torque_teno_midi_virus_isolate_SAfiA-509-10_ORF1_gene,_complete_cds
67	2576	 0.772	MN779034.1_MAG:_Torque_teno_midi_virus_isolate_SAfiA-119-23_ORF1_gene,_complete_cds
68	2860	 0.772	MN771159.1_MAG:_TTV-like_mini_virus_isolate_SAfiA-651-25,_complete_genome
69	2588	 0.771	MN778713.1_MAG:_Torque_teno_midi_virus_isolate_SAfiA-365-46_ORF1_gene,_complete_cds
70	2631	 0.771	MN777683.1_MAG:_Torque_teno_midi_virus_isolate_SAfiA-799-8_ORF1_gene,_complete_cds
71	2566	 0.767	MN775684.1_MAG:_Torque_teno_midi_virus_isolate_SAfiA-628-94_ORF1_gene,_complete_cds
72	2593	 0.762	MN780158.1_MAG:_Torque_teno_midi_virus_isolate_SAfiA-122-36_ORF1_gene,_complete_cds
73	2571	 0.761	MN776721.1_MAG:_Torque_teno_midi_virus_isolate_SAfiA-810-101_ORF1_gene,_complete_cds
74	2565	 0.761	MN775679.1_MAG:_Torque_teno_midi_virus_isolate_SAfiA-601-19_ORF1_gene,_complete_cds
75	2531	 0.761	MN777789.1_MAG:_Torque_teno_midi_virus_isolate_SAfiA-367-74_ORF1_gene,_complete_cds
76	2673	 0.758	MN777138.1_MAG:_Torque_teno_midi_virus_isolate_SAfiA-81-40_ORF1_gene,_complete_cds
77	2557	 0.756	MN778004.1_MAG:_Torque_teno_midi_virus_isolate_SAfiA-365-51_ORF1_gene,_complete_cds
78	2588	 0.753	MN776509.1_MAG:_Torque_teno_midi_virus_isolate_SAfiA-242-85_ORF1_gene,_complete_cds
79	2661	 0.752	MN777051.1_MAG:_Torque_teno_midi_virus_isolate_SAfiA-500-64_ORF1_gene,_complete_cds
80	2632	 0.751	MN775935.1_MAG:_Torque_teno_midi_virus_isolate_SAfiA-577-213_ORF1_gene,_complete_cds
81	2574	 0.750	MN778692.1_MAG:_Torque_teno_midi_virus_isolate_SAfiA-33-52_ORF1_gene,_complete_cds
82	2656	 0.750	MN776924.1_MAG:_Torque_teno_midi_virus_isolate_SAfiA-11-53_ORF1_gene,_complete_cds
83	2569	 0.748	MN776366.1_MAG:_Torque_teno_midi_virus_isolate_SAfiA-867-400_ORF1_gene,_complete_cds
84	2598	 0.748	MN777410.1_MAG:_Torque_teno_midi_virus_isolate_SAfiA-453-24_ORF1_gene,_complete_cds
85	2577	 0.748	MN776976.1_MAG:_Torque_teno_midi_virus_isolate_SAfiA-325-43_ORF1_gene,_complete_cds
86	2627	 0.747	MN777555.1_MAG:_Torque_teno_midi_virus_isolate_SAfiA-367-55_ORF1_gene,_complete_cds
87	2651	 0.747	MN777621.1_MAG:_Torque_teno_midi_virus_isolate_SAfiA-580-25_ORF1_gene,_complete_cds
88	2642	 0.746	MN777670.1_MAG:_Torque_teno_midi_virus_isolate_SAfiA-667-28_ORF1_gene,_complete_cds
89	2633	 0.746	MN776451.1_MAG:_Torque_teno_midi_virus_isolate_SAfiA-396-24_ORF1_gene,_complete_cds
90	2656	 0.744	MN780407.1_MAG:_Torque_teno_midi_virus_isolate_SAfiA-578-7_ORF1_gene,_complete_cds
91	2556	 0.743	MN779479.1_MAG:_Torque_teno_midi_virus_isolate_SAfiA-106A-50_ORF1_gene,_complete_cds
92	2643	 0.743	MN776870.1_MAG:_Torque_teno_midi_virus_isolate_SAfiA-785-127_ORF1_gene,_complete_cds
93	2737	 0.742	MN777171.1_MAG:_Torque_teno_midi_virus_isolate_SAfiA-622-12_ORF1_gene,_complete_cds
94	2626	 0.741	MN775179.1_MAG:_Torque_teno_midi_virus_isolate_SAfiA-611-242_ORF1_gene,_complete_cds
95	2637	 0.740	MN780024.1_MAG:_Torque_teno_midi_virus_isolate_SAfiA-342-29_ORF1_gene,_complete_cds
96	2946	 0.736	MN776878.1_MAG:_Torque_teno_midi_virus_isolate_SAfiA-349-7_ORF1_gene,_complete_cds
97	2589	 0.733	MN778406.1_MAG:_Torque_teno_midi_virus_isolate_SAfiA-414-52_ORF1_gene,_complete_cds
98	2625	 0.733	MN778599.1_MAG:_Torque_teno_midi_virus_isolate_SAfiA-710-23_ORF1_gene,_complete_cds
99	2748	 0.732	MN777676.1_MAG:_Torque_teno_midi_virus_isolate_SAfiA-711-4_ORF1_gene,_complete_cds
100	2650	 0.729	MN775931.1_MAG:_Torque_teno_midi_virus_isolate_SAfiA-525-7_ORF1_gene,_complete_cds
101	2561	 0.728	MN779227.1_MAG:_Torque_teno_midi_virus_isolate_SAfiA-833-26_ORF1_gene,_complete_cds
102	2463	 0.727	MN779936.1_MAG:_Torque_teno_midi_virus_isolate_SAfiA-459-5_ORF1_gene,_complete_cds
103	2580	 0.727	MN775430.1_MAG:_Torque_teno_midi_virus_isolate_SAfiA-394-22_ORF1_gene,_complete_cds
104	2542	 0.726	MN778576.1_MAG:_Torque_teno_midi_virus_isolate_SAfiA-626-56_ORF1_gene,_complete_cds
105	2493	 0.725	MN776220.1_MAG:_Torque_teno_midi_virus_isolate_SAfiA-5A-49_ORF1_gene,_complete_cds
106	2501	 0.724	MZ286069.1_Anelloviridae_sp._isolate_SP25_C4,_complete_genome
107	2648	 0.723	MN778606.1_MAG:_Torque_teno_midi_virus_isolate_SAfiA-782-19_ORF1_gene,_complete_cds
108	2550	 0.722	MN779269.1_MAG:_Torque_teno_midi_virus_isolate_SAfiA-442-49_ORF1_gene,_complete_cds
109	2557	 0.721	MN779156.1_MAG:_Torque_teno_midi_virus_isolate_SAfiA-365-52_ORF1_gene,_complete_cds
110	2930	 0.719	MN771373.1_MAG:_TTV-like_mini_virus_isolate_SAfiA-61-11,_complete_genome
111	2641	 0.719	MN777516.1_MAG:_Torque_teno_midi_virus_isolate_SAfiA-297-131_ORF1_gene,_complete_cds
112	2813	 0.718	MN770600.1_MAG:_TTV-like_mini_virus_isolate_SAfiA-388-155,_complete_genome
113	2583	 0.717	MN778330.1_MAG:_Torque_teno_midi_virus_isolate_SAfiA-865-169_ORF1_gene,_complete_cds
114	2655	 0.717	MN776921.1_MAG:_Torque_teno_midi_virus_isolate_SAfiA-10-24_ORF1_gene,_complete_cds
115	2573	 0.716	MN777589.1_MAG:_Torque_teno_midi_virus_isolate_SAfiA-458A-18_ORF1_gene,_complete_cds
116	2796	 0.715	MN770452.1_MAG:_TTV-like_mini_virus_isolate_SAfiA-108-26,_complete_genome
117	2510	 0.715	MN778898.1_MAG:_Torque_teno_midi_virus_isolate_SAfiA-591-31_ORF1_gene,_complete_cds
118	2630	 0.714	MN776935.1_MAG:_Torque_teno_midi_virus_isolate_SAfiA-234-33_ORF1_gene,_complete_cds
119	2573	 0.712	MN778049.1_MAG:_Torque_teno_midi_virus_isolate_SAfiA-595-58_ORF1_gene,_complete_cds
120	3985	 0.712	KT868809.1_Cutavirus_strain_BR-372_NS1_gene,_partial_cds;_and_putative_VP1,_hypothetical_protein,_VP2,_and_hypothetical_protein_genes,_complete_cds
121	2610	 0.712	MN778569.1_MAG:_Torque_teno_midi_virus_isolate_SAfiA-615-979_ORF1_gene,_complete_cds
122	2573	 0.711	MN778985.1_MAG:_Torque_teno_midi_virus_isolate_SAfiA-365-48_ORF1_gene,_complete_cds
123	2592	 0.710	MN776160.1_MAG:_Torque_teno_midi_virus_isolate_SAfiA-254-91_ORF1_gene,_complete_cds
124	2594	 0.710	MN780291.1_MAG:_Torque_teno_midi_virus_isolate_SAfiA-591-23_ORF1_gene,_complete_cds
125	2691	 0.709	MN776957.1_MAG:_Torque_teno_midi_virus_isolate_SAfiA-311-11_ORF1_gene,_complete_cds
126	2685	 0.708	MN778179.1_MAG:_Torque_teno_midi_virus_isolate_SAfiA-275-77_ORF1_gene,_complete_cds
127	2788	 0.707	MN777547.1_MAG:_Torque_teno_midi_virus_isolate_SAfiA-350-37_ORF1_gene,_complete_cds
128	2619	 0.706	MN776365.1_MAG:_Torque_teno_midi_virus_isolate_SAfiA-616-42_ORF1_gene,_complete_cds
129	2614	 0.705	MN778028.1_MAG:_Torque_teno_midi_virus_isolate_SAfiA-512-15_ORF1_gene,_complete_cds
130	2749	 0.704	MN776056.1_MAG:_Torque_teno_midi_virus_isolate_SAfiA-131-14_ORF1_gene,_complete_cds
131	2691	 0.701	MN768741.1_MAG:_Torque_teno_mini_virus_isolate_SAfiA-867-887,_complete_ORF1
132	2664	 0.700	MN777806.1_MAG:_Torque_teno_midi_virus_isolate_SAfiA-413-9_ORF1_gene,_complete_cds
133	2665	 0.700	MN779414.1_MAG:_Torque_teno_midi_virus_isolate_SAfiA-108-28_ORF1_gene,_complete_cds
134	2612	 0.700	MN776189.1_MAG:_Torque_teno_midi_virus_isolate_SAfiA-396-30_ORF1_gene,_complete_cds
135	2667	 0.700	MN779358.1_MAG:_Torque_teno_midi_virus_isolate_SAfiA-346-62_ORF1_gene,_complete_cds
136	2688	 0.699	MN779601.1_MAG:_Torque_teno_midi_virus_isolate_SAfiA-123-36_ORF1_gene,_complete_cds
137	2556	 0.699	MN775788.1_MAG:_Torque_teno_midi_virus_isolate_SAfiA-10-33_ORF1_gene,_complete_cds
138	2608	 0.698	MN777914.1_MAG:_Torque_teno_midi_virus_isolate_SAfiA-587-231_ORF1_gene,_complete_cds
139	2624	 0.695	MN779347.1_MAG:_Torque_teno_midi_virus_isolate_SAfiA-242-71_ORF1_gene,_complete_cds
140	2572	 0.694	MN775737.1_MAG:_Torque_teno_midi_virus_isolate_SAfiA-107-52_ORF1_gene,_complete_cds
141	2900	 0.693	MN769244.1_MAG:_TTV-like_mini_virus_isolate_SAfiA-352-24,_complete_genome
142	2542	 0.693	MN775962.1_MAG:_Torque_teno_midi_virus_isolate_SAfiA-127-33_ORF1_gene,_complete_cds
143	2534	 0.691	MN778139.1_MAG:_Torque_teno_midi_virus_isolate_SAfiA-628-103_ORF1_gene,_complete_cds
144	3034	 0.690	MN776131.1_MAG:_Torque_teno_midi_virus_isolate_SAfiA-571-4_ORF1_gene,_complete_cds
145	2741	 0.689	MN779594.1_MAG:_Torque_teno_midi_virus_isolate_SAfiA-873-48_ORF1_gene,_complete_cds
146	2536	 0.689	MN777710.1_MAG:_Torque_teno_midi_virus_isolate_SAfiA-100A-45_ORF1_gene,_complete_cds
147	2601	 0.689	MN778586.1_MAG:_Torque_teno_midi_virus_isolate_SAfiA-651-55_ORF1_gene,_complete_cds
148	2616	 0.689	MN777678.1_MAG:_Torque_teno_midi_virus_isolate_SAfiA-713-0_ORF1_gene,_complete_cds
149	2507	 0.687	MN776396.1_MAG:_Torque_teno_midi_virus_isolate_SAfiA-130-36_ORF1_gene,_complete_cds
150	2653	 0.685	MN777078.1_MAG:_Torque_teno_midi_virus_isolate_SAfiA-596-7_ORF1_gene,_complete_cds
151	2603	 0.684	MN780371.1_MAG:_Torque_teno_midi_virus_isolate_SAfiA-523-14_ORF1_gene,_complete_cds
152	2585	 0.684	MN775599.1_MAG:_Torque_teno_midi_virus_isolate_SAfiA-413-16_ORF1_gene,_complete_cds
153	2722	 0.684	MN776359.1_MAG:_Torque_teno_midi_virus_isolate_SAfiA-240-21_ORF1_gene,_complete_cds
154	2621	 0.683	MN777456.1_MAG:_Torque_teno_midi_virus_isolate_SAfiA-644-30_ORF1_gene,_complete_cds
155	2647	 0.683	MN776983.1_MAG:_Torque_teno_midi_virus_isolate_SAfiA-334-47_ORF1_gene,_complete_cds
156	2671	 0.683	MN777595.1_MAG:_Torque_teno_midi_virus_isolate_SAfiA-481-23_ORF1_gene,_complete_cds
157	2985	 0.682	MN776139.1_MAG:_Torque_teno_midi_virus_isolate_SAfiA-96-11_ORF1_gene,_complete_cds
158	2351	 0.681	MN777048.1_MAG:_Torque_teno_midi_virus_isolate_SAfiA-488-23_ORF1_gene,_complete_cds
159	2516	 0.681	MN775654.1_MAG:_Torque_teno_midi_virus_isolate_SAfiA-480-10_ORF1_gene,_complete_cds
160	2575	 0.681	MN780332.1_MAG:_Torque_teno_midi_virus_isolate_SAfiA-81-50_ORF1_gene,_complete_cds
161	2587	 0.681	MN778232.1_MAG:_Torque_teno_midi_virus_isolate_SAfiA-43-18_ORF1_gene,_complete_cds
162	2630	 0.681	MN776025.1_MAG:_Torque_teno_midi_virus_isolate_SAfiA-604-32_ORF1_gene,_complete_cds
163	2614	 0.680	MN777346.1_MAG:_Torque_teno_midi_virus_isolate_SAfiA-124-66_ORF1_gene,_complete_cds
164	2589	 0.680	MN777776.1_MAG:_Torque_teno_midi_virus_isolate_SAfiA-346-109_ORF1_gene,_complete_cds
165	2533	 0.680	MN778071.1_MAG:_Torque_teno_midi_virus_isolate_SAfiA-776-177_ORF1_gene,_complete_cds
166	2598	 0.680	MN778492.1_MAG:_Torque_teno_midi_virus_isolate_SAfiA-297-136_ORF1_gene,_complete_cds
167	2607	 0.679	MN779891.1_MAG:_Torque_teno_midi_virus_isolate_SAfiA-33-44_ORF1_gene,_complete_cds
168	2601	 0.678	MN780286.1_MAG:_Torque_teno_midi_virus_isolate_SAfiA-587-243_ORF1_gene,_complete_cds
169	2723	 0.678	MN780245.1_MAG:_Torque_teno_midi_virus_isolate_SAfiA-47-19_ORF1_gene,_complete_cds
170	2616	 0.677	MN777504.1_MAG:_Torque_teno_midi_virus_isolate_SAfiA-242-74_ORF1_gene,_complete_cds
171	2914	 0.675	MN769663.1_MAG:_TTV-like_mini_virus_isolate_SAfiA-656-8,_complete_genome
172	2502	 0.673	MN777750.1_MAG:_Torque_teno_midi_virus_isolate_SAfiA-254-124_ORF1_gene,_complete_cds
173	2764	 0.673	MN776484.1_MAG:_Torque_teno_midi_virus_isolate_SAfiA-721-31_ORF1_gene,_complete_cds
174	2545	 0.673	MN777741.1_MAG:_Torque_teno_midi_virus_isolate_SAfiA-232-37_ORF1_gene,_complete_cds
175	3268	 0.672	MZ286238.1_Anelloviridae_sp._isolate_SP13_C2,_complete_genome
176	2916	 0.671	MN769708.1_MAG:_TTV-like_mini_virus_isolate_SAfiA-707-3,_complete_genome
177	4148	 0.670	KT868813.1_Cutavirus_strain_BO-46_NS1_gene,_partial_cds;_and_putative_VP1,_hypothetical_protein,_VP2,_and_hypothetical_protein_genes,_complete_cds
178	2610	 0.669	MN776815.1_MAG:_Torque_teno_midi_virus_isolate_SAfiA-442-44_ORF1_gene,_complete_cds
179	4456	 0.669	NC_039050.1_Cutavirus_strain_BR-337_NS1,_putative_VP1,_hypothetical_protein,_VP2,_and_hypothetical_protein_genes,_complete_cds
180	2596	 0.668	MN780159.1_MAG:_Torque_teno_midi_virus_isolate_SAfiA-124-70_ORF1_gene,_complete_cds
181	2615	 0.667	MN776849.1_MAG:_Torque_teno_midi_virus_isolate_SAfiA-5A-34_ORF1_gene,_complete_cds
182	2517	 0.667	MZ286150.1_Anelloviridae_sp._isolate_SP45_C8,_complete_genome
183	2508	 0.667	MN775533.1_MAG:_Torque_teno_midi_virus_isolate_SAfiA-478-71_ORF1_gene,_complete_cds
184	2600	 0.666	MN776504.1_MAG:_Torque_teno_midi_virus_isolate_SAfiA-235-89_ORF1_gene,_complete_cds
185	2689	 0.666	MN779897.1_MAG:_Torque_teno_midi_virus_isolate_SAfiA-421-24_ORF1_gene,_complete_cds
186	2466	 0.666	MN776929.1_MAG:_Torque_teno_midi_virus_isolate_SAfiA-123-75_ORF1_gene,_complete_cds
187	2623	 0.665	MN778350.1_MAG:_Torque_teno_midi_virus_isolate_SAfiA-111-10_ORF1_gene,_complete_cds
188	2357	 0.665	MN776790.1_MAG:_Torque_teno_midi_virus_isolate_SAfiA-346-205_ORF1_gene,_complete_cds
189	2536	 0.663	MN776753.1_MAG:_Torque_teno_midi_virus_isolate_SAfiA-61-46_ORF1_gene,_complete_cds
190	2767	 0.662	MN775392.1_MAG:_Torque_teno_midi_virus_isolate_SAfiA-779-45_ORF1_gene,_complete_cds
191	2691	 0.661	MN779610.1_MAG:_Torque_teno_midi_virus_isolate_SAfiA-248-14_ORF1_gene,_complete_cds
192	2529	 0.660	MN778572.1_MAG:_Torque_teno_midi_virus_isolate_SAfiA-625-51_ORF1_gene,_complete_cds
193	2963	 0.660	MN771340.1_MAG:_TTV-like_mini_virus_isolate_SAfiA-529-10,_complete_genome
194	2643	 0.660	MN777075.1_MAG:_Torque_teno_midi_virus_isolate_SAfiA-589-36_ORF1_gene,_complete_cds
195	2649	 0.659	MN777507.1_MAG:_Torque_teno_midi_virus_isolate_SAfiA-247-43_ORF1_gene,_complete_cds
196	2698	 0.659	MN777838.1_MAG:_Torque_teno_midi_virus_isolate_SAfiA-578-38_ORF1_gene,_complete_cds
197	2674	 0.657	MN776277.1_MAG:_Torque_teno_midi_virus_isolate_SAfiA-51-31_ORF1_gene,_complete_cds
198	2696	 0.656	MN780134.1_MAG:_Torque_teno_midi_virus_isolate_SAfiA-589-31_ORF1_gene,_complete_cds
199	2617	 0.656	MN780469.1_MAG:_Torque_teno_midi_virus_isolate_SAfiA-626-44_ORF1_gene,_complete_cds
200	2594	 0.655	MN777523.1_MAG:_Torque_teno_midi_virus_isolate_SAfiA-319-54_ORF1_gene,_complete_cds
201	2582	 0.655	MN776020.1_MAG:_Torque_teno_midi_virus_isolate_SAfiA-587-272_ORF1_gene,_complete_cds
202	2581	 0.654	MN775794.1_MAG:_Torque_teno_midi_virus_isolate_SAfiA-263-43_ORF1_gene,_complete_cds
203	2878	 0.654	MN770717.1_MAG:_TTV-like_mini_virus_isolate_SAfiA-610-15,_complete_genome
204	2614	 0.653	MN777819.1_MAG:_Torque_teno_midi_virus_isolate_SAfiA-494-14_ORF1_gene,_complete_cds
205	2606	 0.653	MN777559.1_MAG:_Torque_teno_midi_virus_isolate_SAfiA-380-149_ORF1_gene,_complete_cds
206	2664	 0.652	MN777136.1_MAG:_Torque_teno_midi_virus_isolate_SAfiA-810-80_ORF1_gene,_complete_cds
207	2652	 0.651	MN779838.1_MAG:_Torque_teno_midi_virus_isolate_SAfiA-402-44_ORF1_gene,_complete_cds
208	2748	 0.650	MN778088.1_MAG:_Torque_teno_midi_virus_isolate_SAfiA-446-19_ORF1_gene,_complete_cds
209	2636	 0.650	MN776195.1_MAG:_Torque_teno_midi_virus_isolate_SAfiA-475-28_ORF1_gene,_complete_cds
210	2572	 0.648	MN779682.1_MAG:_Torque_teno_midi_virus_isolate_SAfiA-458A-19_ORF1_gene,_complete_cds
211	2595	 0.648	MN779504.1_MAG:_Torque_teno_midi_virus_isolate_SAfiA-500-85_ORF1_gene,_complete_cds
212	2607	 0.648	MN777422.1_MAG:_Torque_teno_midi_virus_isolate_SAfiA-500-80_ORF1_gene,_complete_cds
213	2616	 0.647	MN777948.1_MAG:_Torque_teno_midi_virus_isolate_SAfiA-577-223_ORF1_gene,_complete_cds
214	2559	 0.647	MN779482.1_MAG:_Torque_teno_midi_virus_isolate_SAfiA-234-42_ORF1_gene,_complete_cds
215	2738	 0.647	MN778010.1_MAG:_Torque_teno_midi_virus_isolate_SAfiA-380-97_ORF1_gene,_complete_cds
216	3003	 0.647	MN776135.1_MAG:_Torque_teno_midi_virus_isolate_SAfiA-721-2_ORF1_gene,_complete_cds
217	2629	 0.647	MN776922.1_MAG:_Torque_teno_midi_virus_isolate_SAfiA-106A-37_ORF1_gene,_complete_cds
218	2919	 0.647	MN769076.1_MAG:_TTV-like_mini_virus_isolate_SAfiA-128A-23,_complete_genome
219	2678	 0.647	MN777063.1_MAG:_Torque_teno_midi_virus_isolate_SAfiA-565-37_ORF1_gene,_complete_cds
220	2646	 0.646	MN778566.1_MAG:_Torque_teno_midi_virus_isolate_SAfiA-609-32_ORF1_gene,_complete_cds
221	2716	 0.645	MN777952.1_MAG:_Torque_teno_midi_virus_isolate_SAfiA-625-16_ORF1_gene,_complete_cds
222	2731	 0.644	MN779916.1_MAG:_Torque_teno_midi_virus_isolate_SAfiA-125-19_ORF1_gene,_complete_cds
223	2911	 0.644	MN769676.1_MAG:_TTV-like_mini_virus_isolate_SAfiA-676-14,_complete_genome
224	2963	 0.644	MN771228.1_MAG:_TTV-like_mini_virus_isolate_SAfiA-287B-7,_complete_genome
225	2581	 0.643	MN777893.1_MAG:_Torque_teno_midi_virus_isolate_SAfiA-94-59_ORF1_gene,_complete_cds
226	2686	 0.643	MN776944.1_MAG:_Torque_teno_midi_virus_isolate_SAfiA-254-53_ORF1_gene,_complete_cds
227	2915	 0.642	MN770590.1_MAG:_TTV-like_mini_virus_isolate_SAfiA-383-1,_complete_genome
228	2508	 0.642	MN777494.1_MAG:_Torque_teno_midi_virus_isolate_SAfiA-234-55_ORF1_gene,_complete_cds
229	2645	 0.642	MN777004.1_MAG:_Torque_teno_midi_virus_isolate_SAfiA-349-70_ORF1_gene,_complete_cds
230	2543	 0.641	MN775444.1_MAG:_Torque_teno_midi_virus_isolate_SAfiA-587-305_ORF1_gene,_complete_cds
231	2915	 0.641	MN770605.1_MAG:_TTV-like_mini_virus_isolate_SAfiA-388-48,_complete_genome
232	2604	 0.640	MN779800.1_MAG:_Torque_teno_midi_virus_isolate_SAfiA-116-57_ORF1_gene,_complete_cds
233	2581	 0.640	MN775206.1_MAG:_Torque_teno_midi_virus_isolate_SAfiA-235-98_ORF1_gene,_complete_cds
234	2916	 0.640	MN769051.1_MAG:_TTV-like_mini_virus_isolate_SAfiA-116-23,_complete_genome
235	2574	 0.639	MN775696.1_MAG:_Torque_teno_midi_virus_isolate_SAfiA-858-139_ORF1_gene,_complete_cds
236	2839	 0.639	MN770165.1_MAG:_TTV-like_mini_virus_isolate_SAfiA-672-5,_complete_genome
237	2639	 0.638	MN779843.1_MAG:_Torque_teno_midi_virus_isolate_SAfiA-475-27_ORF1_gene,_complete_cds
238	2649	 0.637	MN779734.1_MAG:_Torque_teno_midi_virus_isolate_SAfiA-611-229_ORF1_gene,_complete_cds
239	2731	 0.636	MN770251.1_MAG:_TTV-like_mini_virus_isolate_SAfiA-316-45,_complete_genome
240	2736	 0.636	MN776273.1_MAG:_Torque_teno_midi_virus_isolate_SAfiA-478-37_ORF1_gene,_complete_cds
241	2583	 0.636	MN776926.1_MAG:_Torque_teno_midi_virus_isolate_SAfiA-121-29_ORF1_gene,_complete_cds
242	2607	 0.636	MN779970.1_MAG:_Torque_teno_midi_virus_isolate_SAfiA-130-29_ORF1_gene,_complete_cds
243	2829	 0.635	MN777991.1_MAG:_Torque_teno_midi_virus_isolate_SAfiA-307-7_ORF1_gene,_complete_cds
244	2642	 0.635	MN776183.1_MAG:_Torque_teno_midi_virus_isolate_SAfiA-365-40_ORF1_gene,_complete_cds
245	2927	 0.635	MN769059.1_MAG:_TTV-like_mini_virus_isolate_SAfiA-121-10,_complete_genome
246	2546	 0.634	MN777732.1_MAG:_Torque_teno_midi_virus_isolate_SAfiA-123-60_ORF1_gene,_complete_cds
247	2583	 0.634	MN777383.1_MAG:_Torque_teno_midi_virus_isolate_SAfiA-353-106_ORF1_gene,_complete_cds
248	2763	 0.633	MN778989.1_MAG:_Torque_teno_midi_virus_isolate_SAfiA-398-22_ORF1_gene,_complete_cds
249	2582	 0.633	MN780356.1_MAG:_Torque_teno_midi_virus_isolate_SAfiA-102-77_ORF1_gene,_complete_cds
250	2589	 0.633	MN776751.1_MAG:_Torque_teno_midi_virus_isolate_SAfiA-587-256_ORF1_gene,_complete_cds
251	2636	 0.632	MN777071.1_MAG:_Torque_teno_midi_virus_isolate_SAfiA-578-48_ORF1_gene,_complete_cds
252	2606	 0.632	MN778520.1_MAG:_Torque_teno_midi_virus_isolate_SAfiA-380-150_ORF1_gene,_complete_cds
253	2752	 0.632	MN775597.1_MAG:_Torque_teno_midi_virus_isolate_SAfiA-385-16_ORF1_gene,_complete_cds
254	2666	 0.632	MN775390.1_MAG:_Torque_teno_midi_virus_isolate_SAfiA-765-13_ORF1_gene,_complete_cds
255	2352	 0.631	MN779179.1_MAG:_Torque_teno_midi_virus_isolate_SAfiA-478-79_ORF1_gene,_complete_cds
256	2629	 0.631	MN776018.1_MAG:_Torque_teno_midi_virus_isolate_SAfiA-581-72_ORF1_gene,_complete_cds
257	2625	 0.630	MN779953.1_MAG:_Torque_teno_midi_virus_isolate_SAfiA-642-60_ORF1_gene,_complete_cds
258	2664	 0.630	MN775783.1_MAG:_Torque_teno_midi_virus_isolate_SAfiA-615-908_ORF1_gene,_complete_cds
259	2626	 0.628	MN777665.1_MAG:_Torque_teno_midi_virus_isolate_SAfiA-644-29_ORF1_gene,_complete_cds
260	2584	 0.627	MN777135.1_MAG:_Torque_teno_midi_virus_isolate_SAfiA-803-18_ORF1_gene,_complete_cds
261	2620	 0.627	MN775456.1_MAG:_Torque_teno_midi_virus_isolate_SAfiA-710-24_ORF1_gene,_complete_cds
262	2620	 0.627	MN776080.1_MAG:_Torque_teno_midi_virus_isolate_SAfiA-578-56_ORF1_gene,_complete_cds
263	2796	 0.627	MN770566.1_MAG:_TTV-like_mini_virus_isolate_SAfiA-352-27,_complete_genome
264	2597	 0.626	MN779180.1_MAG:_Torque_teno_midi_virus_isolate_SAfiA-517-15_ORF1_gene,_complete_cds
265	2597	 0.626	MN778678.1_MAG:_Torque_teno_midi_virus_isolate_SAfiA-31-36_ORF1_gene,_complete_cds
266	2638	 0.626	MN779386.1_MAG:_Torque_teno_midi_virus_isolate_SAfiA-580-27_ORF1_gene,_complete_cds
267	2571	 0.625	MN775218.1_MAG:_Torque_teno_midi_virus_isolate_SAfiA-274-56_ORF1_gene,_complete_cds
268	2595	 0.625	MN779199.1_MAG:_Torque_teno_midi_virus_isolate_SAfiA-587-250_ORF1_gene,_complete_cds
269	2645	 0.624	MN776720.1_MAG:_Torque_teno_midi_virus_isolate_SAfiA-799-6_ORF1_gene,_complete_cds
270	2897	 0.624	MN780319.1_MAG:_Torque_teno_midi_virus_isolate_SAfiA-656-24_ORF1_gene,_complete_cds
271	2622	 0.624	MN775266.1_MAG:_Torque_teno_midi_virus_isolate_SAfiA-570-13_ORF1_gene,_complete_cds
272	2646	 0.623	MN778589.1_MAG:_Torque_teno_midi_virus_isolate_SAfiA-652-12_ORF1_gene,_complete_cds
273	2715	 0.623	MN779256.1_MAG:_Torque_teno_midi_virus_isolate_SAfiA-640-21_ORF1_gene,_complete_cds
274	2566	 0.623	MN780274.1_MAG:_Torque_teno_midi_virus_isolate_SAfiA-572-62_ORF1_gene,_complete_cds
275	2556	 0.622	MN779346.1_MAG:_Torque_teno_midi_virus_isolate_SAfiA-235-106_ORF1_gene,_complete_cds
276	2539	 0.621	MN777787.1_MAG:_Torque_teno_midi_virus_isolate_SAfiA-365-53_ORF1_gene,_complete_cds
277	2601	 0.621	MN776073.1_MAG:_Torque_teno_midi_virus_isolate_SAfiA-398-36_ORF1_gene,_complete_cds
278	7586	 0.621	MH118029.1_Enterovirus_A76_strain_10-3291-2,_complete_genome
279	2630	 0.621	MN778427.1_MAG:_Torque_teno_midi_virus_isolate_SAfiA-590-145_ORF1_gene,_complete_cds
280	2627	 0.621	MN779963.1_MAG:_Torque_teno_midi_virus_isolate_SAfiA-865-163_ORF1_gene,_complete_cds
281	2663	 0.620	MN768921.1_MAG:_Torque_teno_mini_virus_isolate_SAfiA-254-60,_complete_ORF1
282	2729	 0.620	MN779964.1_MAG:_Torque_teno_midi_virus_isolate_SAfiA-866-450_ORF1_gene,_complete_cds
283	2604	 0.619	MN779988.1_MAG:_Torque_teno_midi_virus_isolate_SAfiA-457-12_ORF1_gene,_complete_cds
284	2565	 0.619	MN779997.1_MAG:_Torque_teno_midi_virus_isolate_SAfiA-587-290_ORF1_gene,_complete_cds
285	2830	 0.619	MN775777.1_MAG:_Torque_teno_midi_virus_isolate_SAfiA-382-8_ORF1_gene,_complete_cds
286	2660	 0.619	MN775137.1_MAG:_Torque_teno_midi_virus_isolate_SAfiA-301-25_ORF1_gene,_complete_cds
287	2621	 0.619	MN780321.1_MAG:_Torque_teno_midi_virus_isolate_SAfiA-665-7_ORF1_gene,_complete_cds
288	2664	 0.619	MN777125.1_MAG:_Torque_teno_midi_virus_isolate_SAfiA-709-8_ORF1_gene,_complete_cds
289	2678	 0.617	MN778089.1_MAG:_Torque_teno_midi_virus_isolate_SAfiA-577-197_ORF1_gene,_complete_cds
290	2523	 0.617	MN777458.1_MAG:_Torque_teno_midi_virus_isolate_SAfiA-648-5_ORF1_gene,_complete_cds
291	2541	 0.617	MN778409.1_MAG:_Torque_teno_midi_virus_isolate_SAfiA-441-20_ORF1_gene,_complete_cds
292	2630	 0.617	MN775174.1_MAG:_Torque_teno_midi_virus_isolate_SAfiA-5A-29_ORF1_gene,_complete_cds
293	2554	 0.617	MN775822.1_MAG:_Torque_teno_midi_virus_isolate_SAfiA-898-10_ORF1_gene,_complete_cds
294	2608	 0.616	MN777602.1_MAG:_Torque_teno_midi_virus_isolate_SAfiA-511-24_ORF1_gene,_complete_cds
295	2355	 0.616	MN775122.1_MAG:_Torque_teno_midi_virus_isolate_SAfiA-11-90_ORF1_gene,_complete_cds
296	2606	 0.616	MN777429.1_MAG:_Torque_teno_midi_virus_isolate_SAfiA-573-63_ORF1_gene,_complete_cds
297	2667	 0.615	MN775621.1_MAG:_Torque_teno_midi_virus_isolate_SAfiA-867-367_ORF1_gene,_complete_cds
298	2597	 0.615	MN779437.1_MAG:_Torque_teno_midi_virus_isolate_SAfiA-388-267_ORF1_gene,_complete_cds
299	2566	 0.614	MN778417.1_MAG:_Torque_teno_midi_virus_isolate_SAfiA-555-22_ORF1_gene,_complete_cds
300	2875	 0.614	MN776122.1_MAG:_Torque_teno_midi_virus_isolate_SAfiA-349-21_ORF1_gene,_complete_cds
301	2675	 0.614	MN779219.1_MAG:_Torque_teno_midi_virus_isolate_SAfiA-666-25_ORF1_gene,_complete_cds
302	2625	 0.614	MN779150.1_MAG:_Torque_teno_midi_virus_isolate_SAfiA-35-121_ORF1_gene,_complete_cds
303	2517	 0.613	MZ286164.1_Anelloviridae_sp._isolate_SP47_C9,_complete_genome
304	2656	 0.613	MN777069.1_MAG:_Torque_teno_midi_virus_isolate_SAfiA-573-59_ORF1_gene,_complete_cds
305	2536	 0.613	MN775950.1_MAG:_Torque_teno_midi_virus_isolate_SAfiA-130-35_ORF1_gene,_complete_cds
306	2916	 0.613	MN769444.1_MAG:_TTV-like_mini_virus_isolate_SAfiA-508-2,_complete_genome
307	2546	 0.612	MN775678.1_MAG:_Torque_teno_midi_virus_isolate_SAfiA-594-122_ORF1_gene,_complete_cds
308	2504	 0.612	MN778619.1_MAG:_Torque_teno_midi_virus_isolate_SAfiA-587-537_ORF1_gene,_complete_cds
309	2647	 0.611	MN778491.1_MAG:_Torque_teno_midi_virus_isolate_SAfiA-275-99_ORF1_gene,_complete_cds
310	2599	 0.611	MN779943.1_MAG:_Torque_teno_midi_virus_isolate_SAfiA-578-62_ORF1_gene,_complete_cds
311	2720	 0.611	MN776614.1_MAG:_Torque_teno_midi_virus_isolate_SAfiA-311-24_ORF1_gene,_complete_cds
312	2478	 0.611	MN777817.1_MAG:_Torque_teno_midi_virus_isolate_SAfiA-481-25_ORF1_gene,_complete_cds
313	2950	 0.610	MN776124.1_MAG:_Torque_teno_midi_virus_isolate_SAfiA-380-41_ORF1_gene,_complete_cds
314	2629	 0.610	MN775548.1_MAG:_Torque_teno_midi_virus_isolate_SAfiA-587-212_ORF1_gene,_complete_cds
315	2621	 0.608	MN778068.1_MAG:_Torque_teno_midi_virus_isolate_SAfiA-687-29_ORF1_gene,_complete_cds
316	2862	 0.607	MZ286240.1_Anelloviridae_sp._isolate_SP14_C4,_complete_genome
317	2672	 0.607	MN776266.1_MAG:_Torque_teno_midi_virus_isolate_SAfiA-380-115_ORF1_gene,_complete_cds
318	2950	 0.607	MN777485.1_MAG:_Torque_teno_midi_virus_isolate_SAfiA-121-15_ORF1_gene,_complete_cds
319	2960	 0.607	MN770196.1_MAG:_TTV-like_mini_virus_isolate_SAfiA-442-9,_complete_genome
320	2587	 0.606	MN779382.1_MAG:_Torque_teno_midi_virus_isolate_SAfiA-569-89_ORF1_gene,_complete_cds
321	2610	 0.605	MN777898.1_MAG:_Torque_teno_midi_virus_isolate_SAfiA-235-81_ORF1_gene,_complete_cds
322	2640	 0.605	MN778611.1_MAG:_Torque_teno_midi_virus_isolate_SAfiA-867-375_ORF1_gene,_complete_cds
323	2510	 0.605	MN777530.1_MAG:_Torque_teno_midi_virus_isolate_SAfiA-332-29_ORF1_gene,_complete_cds
324	2639	 0.605	MN775623.1_MAG:_Torque_teno_midi_virus_isolate_SAfiA-96-28_ORF1_gene,_complete_cds
325	2628	 0.604	MN778408.1_MAG:_Torque_teno_midi_virus_isolate_SAfiA-421-31_ORF1_gene,_complete_cds
326	2552	 0.602	MN777141.1_MAG:_Torque_teno_midi_virus_isolate_SAfiA-82-11_ORF1_gene,_complete_cds
327	2591	 0.602	MN779031.1_MAG:_Torque_teno_midi_virus_isolate_SAfiA-616-46_ORF1_gene,_complete_cds
328	2603	 0.601	MN780194.1_MAG:_Torque_teno_midi_virus_isolate_SAfiA-33-46_ORF1_gene,_complete_cds
329	2918	 0.601	MN770905.1_MAG:_TTV-like_mini_virus_isolate_SAfiA-326-8,_complete_genome
330	2605	 0.600	MN777674.1_MAG:_Torque_teno_midi_virus_isolate_SAfiA-710-28_ORF1_gene,_complete_cds
331	2541	 0.600	MN778065.1_MAG:_Torque_teno_midi_virus_isolate_SAfiA-651-64_ORF1_gene,_complete_cds
332	2585	 0.600	MN777244.1_MAG:_Torque_teno_midi_virus_isolate_SAfiA-365-47_ORF1_gene,_complete_cds
333	2643	 0.600	MN776793.1_MAG:_Torque_teno_midi_virus_isolate_SAfiA-346-84_ORF1_gene,_complete_cds
334	2584	 0.599	MN779162.1_MAG:_Torque_teno_midi_virus_isolate_SAfiA-398-38_ORF1_gene,_complete_cds
335	2619	 0.599	MN775767.1_MAG:_Torque_teno_midi_virus_isolate_SAfiA-710-25_ORF1_gene,_complete_cds
336	2618	 0.599	MN780029.1_MAG:_Torque_teno_midi_virus_isolate_SAfiA-370-10_ORF1_gene,_complete_cds
337	2648	 0.598	MN778555.1_MAG:_Torque_teno_midi_virus_isolate_SAfiA-587-197_ORF1_gene,_complete_cds
338	2619	 0.598	MN779108.1_MAG:_Torque_teno_midi_virus_isolate_SAfiA-234-34_ORF1_gene,_complete_cds
339	2921	 0.597	MN770649.1_MAG:_TTV-like_mini_virus_isolate_SAfiA-521-10,_complete_genome
340	2664	 0.597	MN779648.1_MAG:_Torque_teno_midi_virus_isolate_SAfiA-35-106_ORF1_gene,_complete_cds
341	2623	 0.597	MN776185.1_MAG:_Torque_teno_midi_virus_isolate_SAfiA-388-246_ORF1_gene,_complete_cds
342	2581	 0.595	MN779053.1_MAG:_Torque_teno_midi_virus_isolate_SAfiA-119-22_ORF1_gene,_complete_cds
343	2632	 0.595	MN776050.1_MAG:_Torque_teno_midi_virus_isolate_SAfiA-857-265_ORF1_gene,_complete_cds
344	2611	 0.595	MN776019.1_MAG:_Torque_teno_midi_virus_isolate_SAfiA-583-31_ORF1_gene,_complete_cds
345	2623	 0.595	MN780264.1_MAG:_Torque_teno_midi_virus_isolate_SAfiA-528-18_ORF1_gene,_complete_cds
346	2631	 0.595	MN777719.1_MAG:_Torque_teno_midi_virus_isolate_SAfiA-11-55_ORF1_gene,_complete_cds
347	2658	 0.594	MN776415.1_MAG:_Torque_teno_midi_virus_isolate_SAfiA-644-22_ORF1_gene,_complete_cds
348	2912	 0.594	MN771286.1_MAG:_TTV-like_mini_virus_isolate_SAfiA-666-22,_complete_genome
349	2626	 0.594	MN777949.1_MAG:_Torque_teno_midi_virus_isolate_SAfiA-581-73_ORF1_gene,_complete_cds
350	2614	 0.593	MN777888.1_MAG:_Torque_teno_midi_virus_isolate_SAfiA-865-166_ORF1_gene,_complete_cds
351	2948	 0.592	MN770514.1_MAG:_TTV-like_mini_virus_isolate_SAfiA-304-10,_complete_genome
352	2555	 0.592	MN777440.1_MAG:_Torque_teno_midi_virus_isolate_SAfiA-590-174_ORF1_gene,_complete_cds
353	2549	 0.592	MN777742.1_MAG:_Torque_teno_midi_virus_isolate_SAfiA-233-43_ORF1_gene,_complete_cds
354	2674	 0.590	MN777066.1_MAG:_Torque_teno_midi_virus_isolate_SAfiA-567-28_ORF1_gene,_complete_cds
355	2706	 0.590	MN779674.1_MAG:_Torque_teno_midi_virus_isolate_SAfiA-423-11_ORF1_gene,_complete_cds
356	2650	 0.590	MN778021.1_MAG:_Torque_teno_midi_virus_isolate_SAfiA-435-15_ORF1_gene,_complete_cds
357	2669	 0.589	MN776792.1_MAG:_Torque_teno_midi_virus_isolate_SAfiA-346-72_ORF1_gene,_complete_cds
358	2565	 0.589	MN775403.1_MAG:_Torque_teno_midi_virus_isolate_SAfiA-235-103_ORF1_gene,_complete_cds
359	2900	 0.588	MN769590.1_MAG:_TTV-like_mini_virus_isolate_SAfiA-5A-12,_complete_genome
360	2597	 0.588	MN775786.1_MAG:_Torque_teno_midi_virus_isolate_SAfiA-87-92_ORF1_gene,_complete_cds
361	2661	 0.588	MN775824.1_MAG:_Torque_teno_midi_virus_isolate_SAfiA-98-24_ORF1_gene,_complete_cds
362	2532	 0.587	MN775647.1_MAG:_Torque_teno_midi_virus_isolate_SAfiA-403-22_ORF1_gene,_complete_cds
363	2671	 0.587	MN778323.1_MAG:_Torque_teno_midi_virus_isolate_SAfiA-710-12_ORF1_gene,_complete_cds
364	2676	 0.587	MN777037.1_MAG:_Torque_teno_midi_virus_isolate_SAfiA-450-20_ORF1_gene,_complete_cds
365	2569	 0.586	MN775257.1_MAG:_Torque_teno_midi_virus_isolate_SAfiA-514-51_ORF1_gene,_complete_cds
366	2898	 0.586	MN770100.1_MAG:_TTV-like_mini_virus_isolate_SAfiA-598-7,_complete_genome
367	2626	 0.585	MN775765.1_MAG:_Torque_teno_midi_virus_isolate_SAfiA-640-32_ORF1_gene,_complete_cds
368	2906	 0.585	MN769163.1_MAG:_TTV-like_mini_virus_isolate_SAfiA-30-6,_complete_genome
369	2616	 0.585	MN779338.1_MAG:_Torque_teno_midi_virus_isolate_SAfiA-107-45_ORF1_gene,_complete_cds
370	2616	 0.585	MN779336.1_MAG:_Torque_teno_midi_virus_isolate_SAfiA-102-79_ORF1_gene,_complete_cds
371	2715	 0.584	MN770286.1_MAG:_TTV-like_mini_virus_isolate_SAfiA-128A-43,_complete_genome
372	2548	 0.584	MN778000.1_MAG:_Torque_teno_midi_virus_isolate_SAfiA-352-44_ORF1_gene,_complete_cds
373	2628	 0.584	MN780406.1_MAG:_Torque_teno_midi_virus_isolate_SAfiA-514-3_ORF1_gene,_complete_cds
374	2548	 0.583	MN776067.1_MAG:_Torque_teno_midi_virus_isolate_SAfiA-350-71_ORF1_gene,_complete_cds
375	2499	 0.583	MN780013.1_MAG:_Torque_teno_midi_virus_isolate_SAfiA-873-61_ORF1_gene,_complete_cds
376	2614	 0.583	MN778473.1_MAG:_Torque_teno_midi_virus_isolate_SAfiA-11-61_ORF1_gene,_complete_cds
377	2641	 0.582	MN778525.1_MAG:_Torque_teno_midi_virus_isolate_SAfiA-402-57_ORF1_gene,_complete_cds
378	2845	 0.581	MN770814.1_MAG:_TTV-like_mini_virus_isolate_SAfiA-350-30,_complete_genome
379	2593	 0.581	MN777524.1_MAG:_Torque_teno_midi_virus_isolate_SAfiA-319-55_ORF1_gene,_complete_cds
380	2674	 0.581	MN777490.1_MAG:_Torque_teno_midi_virus_isolate_SAfiA-231-17_ORF1_gene,_complete_cds
381	2851	 0.581	MZ286264.1_Anelloviridae_sp._isolate_SP36_C3,_complete_genome
382	2629	 0.581	MN779448.1_MAG:_Torque_teno_midi_virus_isolate_SAfiA-578-49_ORF1_gene,_complete_cds
383	2654	 0.580	MN777011.1_MAG:_Torque_teno_midi_virus_isolate_SAfiA-353-79_ORF1_gene,_complete_cds
384	2643	 0.580	MN777618.1_MAG:_Torque_teno_midi_virus_isolate_SAfiA-577-208_ORF1_gene,_complete_cds
385	2626	 0.580	MN776854.1_MAG:_Torque_teno_midi_virus_isolate_SAfiA-604-33_ORF1_gene,_complete_cds
386	2597	 0.579	MN777443.1_MAG:_Torque_teno_midi_virus_isolate_SAfiA-604-44_ORF1_gene,_complete_cds
387	2677	 0.579	MN777046.1_MAG:_Torque_teno_midi_virus_isolate_SAfiA-485-38_ORF1_gene,_complete_cds
388	2864	 0.579	MN770482.1_MAG:_TTV-like_mini_virus_isolate_SAfiA-242-25,_complete_genome
389	2650	 0.579	MN778501.1_MAG:_Torque_teno_midi_virus_isolate_SAfiA-33-35_ORF1_gene,_complete_cds
390	2618	 0.579	MN779220.1_MAG:_Torque_teno_midi_virus_isolate_SAfiA-701-16_ORF1_gene,_complete_cds
391	2606	 0.579	MN777604.1_MAG:_Torque_teno_midi_virus_isolate_SAfiA-529-22_ORF1_gene,_complete_cds
392	2838	 0.578	MN769528.1_MAG:_TTV-like_mini_virus_isolate_SAfiA-57-41,_complete_genome
393	2630	 0.578	MN777251.1_MAG:_Torque_teno_midi_virus_isolate_SAfiA-446-27_ORF1_gene,_complete_cds
394	2492	 0.578	MN779542.1_MAG:_Torque_teno_midi_virus_isolate_SAfiA-358-20_ORF1_gene,_complete_cds
395	2506	 0.578	MZ286199.1_Anelloviridae_sp._isolate_SP51_C23,_complete_genome
396	2567	 0.578	MN777996.1_MAG:_Torque_teno_midi_virus_isolate_SAfiA-346-117_ORF1_gene,_complete_cds
397	2707	 0.577	MN776450.1_MAG:_Torque_teno_midi_virus_isolate_SAfiA-388-173_ORF1_gene,_complete_cds
398	2624	 0.577	MN778992.1_MAG:_Torque_teno_midi_virus_isolate_SAfiA-414-42_ORF1_gene,_complete_cds
399	2639	 0.576	MN776765.1_MAG:_Torque_teno_midi_virus_isolate_SAfiA-107-40_ORF1_gene,_complete_cds
400	2648	 0.575	MN779658.1_MAG:_Torque_teno_midi_virus_isolate_SAfiA-365-37_ORF1_gene,_complete_cds
401	2561	 0.575	MN779359.1_MAG:_Torque_teno_midi_virus_isolate_SAfiA-350-68_ORF1_gene,_complete_cds
402	2618	 0.575	MN777585.1_MAG:_Torque_teno_midi_virus_isolate_SAfiA-442-41_ORF1_gene,_complete_cds
403	2663	 0.575	MN779791.1_MAG:_Torque_teno_midi_virus_isolate_SAfiA-868-31_ORF1_gene,_complete_cds
404	2514	 0.575	MN779580.1_MAG:_Torque_teno_midi_virus_isolate_SAfiA-123-64_ORF1_gene,_complete_cds
405	2989	 0.575	MN776985.1_MAG:_Torque_teno_midi_virus_isolate_SAfiA-347-17_ORF1_gene,_complete_cds
406	2644	 0.573	MN777043.1_MAG:_Torque_teno_midi_virus_isolate_SAfiA-478-45_ORF1_gene,_complete_cds
407	2963	 0.573	MN771344.1_MAG:_TTV-like_mini_virus_isolate_SAfiA-822-14,_complete_genome
408	2718	 0.573	MN779579.1_MAG:_Torque_teno_midi_virus_isolate_SAfiA-874-63_ORF1_gene,_complete_cds
409	2507	 0.572	MN778419.1_MAG:_Torque_teno_midi_virus_isolate_SAfiA-562-22_ORF1_gene,_complete_cds
410	2585	 0.572	MN780051.1_MAG:_Torque_teno_midi_virus_isolate_SAfiA-587-267_ORF1_gene,_complete_cds
411	2685	 0.572	MN777117.1_MAG:_Torque_teno_midi_virus_isolate_SAfiA-676-42_ORF1_gene,_complete_cds
412	2611	 0.572	MN780014.1_MAG:_Torque_teno_midi_virus_isolate_SAfiA-95A-30_ORF1_gene,_complete_cds
413	2600	 0.572	MN776547.1_MAG:_Torque_teno_midi_virus_isolate_SAfiA-556-37_ORF1_gene,_complete_cds
414	2653	 0.572	MN775312.1_MAG:_Torque_teno_midi_virus_isolate_SAfiA-93-19_ORF1_gene,_complete_cds
415	2632	 0.571	MN768757.1_MAG:_Torque_teno_mini_virus_isolate_SAfiA-878-2,_complete_ORF1
416	2609	 0.571	MN780265.1_MAG:_Torque_teno_midi_virus_isolate_SAfiA-528-21_ORF1_gene,_complete_cds
417	2433	 0.570	MN776392.1_MAG:_Torque_teno_midi_virus_isolate_SAfiA-58-16_ORF1_gene,_complete_cds
418	2540	 0.570	MN778585.1_MAG:_Torque_teno_midi_virus_isolate_SAfiA-649-24_ORF1_gene,_complete_cds
419	2783	 0.570	MZ286173.1_Anelloviridae_sp._isolate_SP48_C6,_complete_genome
420	2824	 0.569	MN770522.1_MAG:_TTV-like_mini_virus_isolate_SAfiA-308-16,_complete_genome
421	2615	 0.569	MN779925.1_MAG:_Torque_teno_midi_virus_isolate_SAfiA-35-125_ORF1_gene,_complete_cds
422	2639	 0.569	MN780042.1_MAG:_Torque_teno_midi_virus_isolate_SAfiA-500-72_ORF1_gene,_complete_cds
423	2923	 0.568	MN770779.1_MAG:_TTV-like_mini_virus_isolate_SAfiA-833-10,_complete_genome
424	2642	 0.568	MN778250.1_MAG:_Torque_teno_midi_virus_isolate_SAfiA-52-8_ORF1_gene,_complete_cds
425	2569	 0.567	MN777905.1_MAG:_Torque_teno_midi_virus_isolate_SAfiA-365-50_ORF1_gene,_complete_cds
426	2639	 0.567	MN779345.1_MAG:_Torque_teno_midi_virus_isolate_SAfiA-234-31_ORF1_gene,_complete_cds
427	2538	 0.566	MN775807.1_MAG:_Torque_teno_midi_virus_isolate_SAfiA-522-16_ORF1_gene,_complete_cds
428	2853	 0.566	MN775360.1_MAG:_Torque_teno_midi_virus_isolate_SAfiA-122-10_ORF1_gene,_complete_cds
429	2734	 0.566	MN776132.1_MAG:_Torque_teno_midi_virus_isolate_SAfiA-591-16_ORF1_gene,_complete_cds
430	2874	 0.566	MN771399.1_MAG:_TTV-like_mini_virus_isolate_SAfiA-238-13,_complete_genome
431	2538	 0.566	MN777334.1_MAG:_Torque_teno_midi_virus_isolate_SAfiA-810-106_ORF1_gene,_complete_cds
432	2759	 0.566	MN779932.1_MAG:_Torque_teno_midi_virus_isolate_SAfiA-396-12_ORF1_gene,_complete_cds
433	2838	 0.566	MN770157.1_MAG:_TTV-like_mini_virus_isolate_SAfiA-573-36,_complete_genome
434	2911	 0.566	MN769066.1_MAG:_TTV-like_mini_virus_isolate_SAfiA-124-21,_complete_genome
435	2634	 0.566	MN776479.1_MAG:_Torque_teno_midi_virus_isolate_SAfiA-646-25_ORF1_gene,_complete_cds
436	2657	 0.565	MN780432.1_MAG:_Torque_teno_midi_virus_isolate_SAfiA-402-28_ORF1_gene,_complete_cds
437	2425	 0.565	MN779491.1_MAG:_Torque_teno_midi_virus_isolate_SAfiA-350-81_ORF1_gene,_complete_cds
438	2632	 0.565	MN779353.1_MAG:_Torque_teno_midi_virus_isolate_SAfiA-304-17_ORF1_gene,_complete_cds
439	2728	 0.565	MN777394.1_MAG:_Torque_teno_midi_virus_isolate_SAfiA-388-149_ORF1_gene,_complete_cds
440	2960	 0.565	MN769666.1_MAG:_TTV-like_mini_virus_isolate_SAfiA-6-6,_complete_genome
441	2911	 0.565	MN769462.1_MAG:_TTV-like_mini_virus_isolate_SAfiA-523-10,_complete_genome
442	2558	 0.565	MN777808.1_MAG:_Torque_teno_midi_virus_isolate_SAfiA-414-56_ORF1_gene,_complete_cds
443	2919	 0.565	MN769592.1_MAG:_TTV-like_mini_virus_isolate_SAfiA-600-2,_complete_genome
444	2608	 0.565	MN778110.1_MAG:_Torque_teno_midi_virus_isolate_SAfiA-11-63_ORF1_gene,_complete_cds
445	2631	 0.564	MN775592.1_MAG:_Torque_teno_midi_virus_isolate_SAfiA-332-22_ORF1_gene,_complete_cds
446	2902	 0.563	MN769100.1_MAG:_TTV-like_mini_virus_isolate_SAfiA-234-14,_complete_genome
447	2637	 0.563	MN778617.1_MAG:_Torque_teno_midi_virus_isolate_SAfiA-87-83_ORF1_gene,_complete_cds
448	2666	 0.562	MN779745.1_MAG:_Torque_teno_midi_virus_isolate_SAfiA-628-62_ORF1_gene,_complete_cds
449	2885	 0.562	MN769561.1_MAG:_TTV-like_mini_virus_isolate_SAfiA-587-45,_complete_genome
450	2616	 0.562	MN780284.1_MAG:_Torque_teno_midi_virus_isolate_SAfiA-587-221_ORF1_gene,_complete_cds
451	2695	 0.562	MN778109.1_MAG:_Torque_teno_midi_virus_isolate_SAfiA-113-32_ORF1_gene,_complete_cds
452	2630	 0.561	MN780129.1_MAG:_Torque_teno_midi_virus_isolate_SAfiA-526-15_ORF1_gene,_complete_cds
453	2621	 0.561	MN779380.1_MAG:_Torque_teno_midi_virus_isolate_SAfiA-55-30_ORF1_gene,_complete_cds
454	2616	 0.561	MN777243.1_MAG:_Torque_teno_midi_virus_isolate_SAfiA-358-15_ORF1_gene,_complete_cds
455	2602	 0.561	MN778930.1_MAG:_Torque_teno_midi_virus_isolate_SAfiA-587-240_ORF1_gene,_complete_cds
456	2607	 0.561	MN775278.1_MAG:_Torque_teno_midi_virus_isolate_SAfiA-604-42_ORF1_gene,_complete_cds
457	2686	 0.561	MN777032.1_MAG:_Torque_teno_midi_virus_isolate_SAfiA-442-30_ORF1_gene,_complete_cds
458	2640	 0.561	MN775587.1_MAG:_Torque_teno_midi_virus_isolate_SAfiA-235-73_ORF1_gene,_complete_cds
459	2705	 0.561	MN780123.1_MAG:_Torque_teno_midi_virus_isolate_SAfiA-353-68_ORF1_gene,_complete_cds
460	2613	 0.561	MN777481.1_MAG:_Torque_teno_midi_virus_isolate_SAfiA-102-80_ORF1_gene,_complete_cds
461	2645	 0.560	MN776157.1_MAG:_Torque_teno_midi_virus_isolate_SAfiA-248-17_ORF1_gene,_complete_cds
462	2561	 0.560	MN776686.1_MAG:_Torque_teno_midi_virus_isolate_SAfiA-615-1030_ORF1_gene,_complete_cds
463	2623	 0.560	MN777272.1_MAG:_Torque_teno_midi_virus_isolate_SAfiA-78-5_ORF1_gene,_complete_cds
464	2872	 0.560	MN771235.1_MAG:_TTV-like_mini_virus_isolate_SAfiA-348-12,_complete_genome
465	2594	 0.559	MN776017.1_MAG:_Torque_teno_midi_virus_isolate_SAfiA-580-28_ORF1_gene,_complete_cds
466	2609	 0.559	MN777998.1_MAG:_Torque_teno_midi_virus_isolate_SAfiA-346-98_ORF1_gene,_complete_cds
467	2725	 0.559	MN775583.1_MAG:_Torque_teno_midi_virus_isolate_SAfiA-9-6_ORF1_gene,_complete_cds
468	2833	 0.559	MN778092.1_MAG:_Torque_teno_midi_virus_isolate_SAfiA-616-15_ORF1_gene,_complete_cds
469	2507	 0.559	MN777890.1_MAG:_Torque_teno_midi_virus_isolate_SAfiA-866-571_ORF1_gene,_complete_cds
470	2610	 0.559	MN775997.1_MAG:_Torque_teno_midi_virus_isolate_SAfiA-369-60_ORF1_gene,_complete_cds
471	2645	 0.559	MN779043.1_MAG:_Torque_teno_midi_virus_isolate_SAfiA-37-16_ORF1_gene,_complete_cds
472	2668	 0.559	MN779572.1_MAG:_Torque_teno_midi_virus_isolate_SAfiA-701-14_ORF1_gene,_complete_cds
473	2620	 0.559	MN778116.1_MAG:_Torque_teno_midi_virus_isolate_SAfiA-235-79_ORF1_gene,_complete_cds
474	2604	 0.558	MN780285.1_MAG:_Torque_teno_midi_virus_isolate_SAfiA-587-238_ORF1_gene,_complete_cds
475	2717	 0.558	MN776582.1_MAG:_Torque_teno_midi_virus_isolate_SAfiA-373-22_ORF1_gene,_complete_cds
476	2724	 0.557	MN775210.1_MAG:_Torque_teno_midi_virus_isolate_SAfiA-253-7_ORF1_gene,_complete_cds
477	2594	 0.557	MN776211.1_MAG:_Torque_teno_midi_virus_isolate_SAfiA-578-64_ORF1_gene,_complete_cds
478	2921	 0.556	MN770287.1_MAG:_TTV-like_mini_virus_isolate_SAfiA-128B-23,_complete_genome
479	2686	 0.556	MN779701.1_MAG:_Torque_teno_midi_virus_isolate_SAfiA-528-13_ORF1_gene,_complete_cds
480	2621	 0.555	MN775932.1_MAG:_Torque_teno_midi_virus_isolate_SAfiA-543-61_ORF1_gene,_complete_cds
481	2610	 0.555	MN777582.1_MAG:_Torque_teno_midi_virus_isolate_SAfiA-4-36_ORF1_gene,_complete_cds
482	2638	 0.554	MN775550.1_MAG:_Torque_teno_midi_virus_isolate_SAfiA-590-139_ORF1_gene,_complete_cds
483	2605	 0.554	MN779874.1_MAG:_Torque_teno_midi_virus_isolate_SAfiA-858-134_ORF1_gene,_complete_cds
484	2609	 0.554	MN775450.1_MAG:_Torque_teno_midi_virus_isolate_SAfiA-611-257_ORF1_gene,_complete_cds
485	2915	 0.553	MN768584.1_MAG:_Torque_teno_mini_virus_isolate_SAfiA-663-6,_complete_ORF1
486	2622	 0.553	MN777218.1_MAG:_Torque_teno_midi_virus_isolate_SAfiA-611-245_ORF1_gene,_complete_cds
487	2809	 0.553	MN769578.1_MAG:_TTV-like_mini_virus_isolate_SAfiA-590-67,_complete_genome
488	2637	 0.553	MN776400.1_MAG:_Torque_teno_midi_virus_isolate_SAfiA-349-72_ORF1_gene,_complete_cds
489	2566	 0.552	MN776424.1_MAG:_Torque_teno_midi_virus_isolate_SAfiA-119-24_ORF1_gene,_complete_cds
490	2857	 0.552	MN771124.1_MAG:_TTV-like_mini_virus_isolate_SAfiA-478-18,_complete_genome
491	2674	 0.552	MN780009.1_MAG:_Torque_teno_midi_virus_isolate_SAfiA-817-10_ORF1_gene,_complete_cds
492	2637	 0.552	MN778940.1_MAG:_Torque_teno_midi_virus_isolate_SAfiA-241-44_ORF1_gene,_complete_cds
493	2614	 0.552	MN780144.1_MAG:_Torque_teno_midi_virus_isolate_SAfiA-70-40_ORF1_gene,_complete_cds
494	2676	 0.551	MN778500.1_MAG:_Torque_teno_midi_virus_isolate_SAfiA-332-20_ORF1_gene,_complete_cds
495	2758	 0.551	MN778284.1_MAG:_Torque_teno_midi_virus_isolate_SAfiA-611-192_ORF1_gene,_complete_cds
496	2687	 0.550	MN776838.1_MAG:_Torque_teno_midi_virus_isolate_SAfiA-581-64_ORF1_gene,_complete_cds
497	2633	 0.550	MN779787.1_MAG:_Torque_teno_midi_virus_isolate_SAfiA-842-16_ORF1_gene,_complete_cds
498	2539	 0.550	MN777054.1_MAG:_Torque_teno_midi_virus_isolate_SAfiA-521-29_ORF1_gene,_complete_cds
499	2647	 0.550	MN779365.1_MAG:_Torque_teno_midi_virus_isolate_SAfiA-365-38_ORF1_gene,_complete_cds
500	2516	 0.548	MN776533.1_MAG:_Torque_teno_midi_virus_isolate_SAfiA-403-23_ORF1_gene,_complete_cds
501	2596	 0.548	MN778058.1_MAG:_Torque_teno_midi_virus_isolate_SAfiA-615-996_ORF1_gene,_complete_cds
502	2860	 0.548	MN770838.1_MAG:_TTV-like_mini_virus_isolate_SAfiA-122-11,_complete_genome
503	2600	 0.548	MN775791.1_MAG:_Torque_teno_midi_virus_isolate_SAfiA-123-51_ORF1_gene,_complete_cds
504	2737	 0.548	MN776393.1_MAG:_Torque_teno_midi_virus_isolate_SAfiA-5A-23_ORF1_gene,_complete_cds
505	2574	 0.547	MN776973.1_MAG:_Torque_teno_midi_virus_isolate_SAfiA-319-64_ORF1_gene,_complete_cds
506	2725	 0.547	MN770714.1_MAG:_TTV-like_mini_virus_isolate_SAfiA-5A-18,_complete_genome
507	2914	 0.547	MN771360.1_MAG:_TTV-like_mini_virus_isolate_SAfiA-380-47,_complete_genome
508	2674	 0.547	MN778848.1_MAG:_Torque_teno_midi_virus_isolate_SAfiA-710-11_ORF1_gene,_complete_cds
509	2922	 0.547	MN771197.1_MAG:_TTV-like_mini_virus_isolate_SAfiA-86-9,_complete_genome
510	2633	 0.547	MN777689.1_MAG:_Torque_teno_midi_virus_isolate_SAfiA-867-376_ORF1_gene,_complete_cds
511	2681	 0.547	MN777986.1_MAG:_Torque_teno_midi_virus_isolate_SAfiA-262-13_ORF1_gene,_complete_cds
512	2581	 0.546	MN775676.1_MAG:_Torque_teno_midi_virus_isolate_SAfiA-589-43_ORF1_gene,_complete_cds
513	2526	 0.546	MN776502.1_MAG:_Torque_teno_midi_virus_isolate_SAfiA-235-113_ORF1_gene,_complete_cds
514	2622	 0.546	MN777684.1_MAG:_Torque_teno_midi_virus_isolate_SAfiA-842-17_ORF1_gene,_complete_cds
515	2623	 0.545	MN779912.1_MAG:_Torque_teno_midi_virus_isolate_SAfiA-102-78_ORF1_gene,_complete_cds
516	2525	 0.545	MN769011.1_MAG:_Torque_teno_mini_virus_isolate_SAfiA-308-40,_complete_ORF1
517	2664	 0.545	MN776925.1_MAG:_Torque_teno_midi_virus_isolate_SAfiA-119-15_ORF1_gene,_complete_cds
518	2570	 0.544	MN778560.1_MAG:_Torque_teno_midi_virus_isolate_SAfiA-593-56_ORF1_gene,_complete_cds
519	2607	 0.544	MN776153.1_MAG:_Torque_teno_midi_virus_isolate_SAfiA-235-85_ORF1_gene,_complete_cds
520	2580	 0.544	MN779974.1_MAG:_Torque_teno_midi_virus_isolate_SAfiA-319-62_ORF1_gene,_complete_cds
521	2562	 0.544	MN775557.1_MAG:_Torque_teno_midi_virus_isolate_SAfiA-61-42_ORF1_gene,_complete_cds
522	2678	 0.543	MN776933.1_MAG:_Torque_teno_midi_virus_isolate_SAfiA-231-15_ORF1_gene,_complete_cds
523	2606	 0.543	MN777531.1_MAG:_Torque_teno_midi_virus_isolate_SAfiA-33-45_ORF1_gene,_complete_cds
524	2721	 0.542	MN777729.1_MAG:_Torque_teno_midi_virus_isolate_SAfiA-123-35_ORF1_gene,_complete_cds
525	2649	 0.542	MN776142.1_MAG:_Torque_teno_midi_virus_isolate_SAfiA-609-31_ORF1_gene,_complete_cds
526	2599	 0.542	MN779945.1_MAG:_Torque_teno_midi_virus_isolate_SAfiA-587-245_ORF1_gene,_complete_cds
527	2666	 0.542	MN775571.1_MAG:_Torque_teno_midi_virus_isolate_SAfiA-779-50_ORF1_gene,_complete_cds
528	2644	 0.542	MN777040.1_MAG:_Torque_teno_midi_virus_isolate_SAfiA-475-26_ORF1_gene,_complete_cds
529	2591	 0.542	MN778993.1_MAG:_Torque_teno_midi_virus_isolate_SAfiA-514-49_ORF1_gene,_complete_cds
530	2666	 0.542	MN777126.1_MAG:_Torque_teno_midi_virus_isolate_SAfiA-710-13_ORF1_gene,_complete_cds
531	2589	 0.541	MN779830.1_MAG:_Torque_teno_midi_virus_isolate_SAfiA-380-156_ORF1_gene,_complete_cds
532	2615	 0.541	MN775704.1_MAG:_Torque_teno_midi_virus_isolate_SAfiA-96-30_ORF1_gene,_complete_cds
533	2734	 0.541	MN775177.1_MAG:_Torque_teno_midi_virus_isolate_SAfiA-608-12_ORF1_gene,_complete_cds
534	2530	 0.541	MN779013.1_MAG:_Torque_teno_midi_virus_isolate_SAfiA-725-10_ORF1_gene,_complete_cds
535	2602	 0.541	MN778498.1_MAG:_Torque_teno_midi_virus_isolate_SAfiA-319-50_ORF1_gene,_complete_cds
536	2613	 0.541	MN777616.1_MAG:_Torque_teno_midi_virus_isolate_SAfiA-573-62_ORF1_gene,_complete_cds
537	2727	 0.540	MN776201.1_MAG:_Torque_teno_midi_virus_isolate_SAfiA-520-19_ORF1_gene,_complete_cds
538	2669	 0.540	MN777666.1_MAG:_Torque_teno_midi_virus_isolate_SAfiA-647-16_ORF1_gene,_complete_cds
539	2649	 0.540	MN777989.1_MAG:_Torque_teno_midi_virus_isolate_SAfiA-298-23_ORF1_gene,_complete_cds
540	2911	 0.540	MN769165.1_MAG:_TTV-like_mini_virus_isolate_SAfiA-306A-23,_complete_genome
541	2589	 0.539	MN779271.1_MAG:_Torque_teno_midi_virus_isolate_SAfiA-587-257_ORF1_gene,_complete_cds
542	2949	 0.539	MN778074.1_MAG:_Torque_teno_midi_virus_isolate_SAfiA-837-1_ORF1_gene,_complete_cds
543	2514	 0.539	MN775454.1_MAG:_Torque_teno_midi_virus_isolate_SAfiA-651-73_ORF1_gene,_complete_cds
544	2582	 0.539	MN778598.1_MAG:_Torque_teno_midi_virus_isolate_SAfiA-686-25_ORF1_gene,_complete_cds
545	3039	 0.539	MN780414.1_MAG:_Torque_teno_midi_virus_isolate_SAfiA-388-9_ORF1_gene,_complete_cds
546	2624	 0.539	MN778469.1_MAG:_Torque_teno_midi_virus_isolate_SAfiA-107-43_ORF1_gene,_complete_cds
547	2955	 0.538	MN770630.1_MAG:_TTV-like_mini_virus_isolate_SAfiA-445-4,_complete_genome
548	3013	 0.538	MN769266.1_MAG:_TTV-like_mini_virus_isolate_SAfiA-359-6,_complete_genome
549	2628	 0.538	MN778590.1_MAG:_Torque_teno_midi_virus_isolate_SAfiA-652-14_ORF1_gene,_complete_cds
550	2653	 0.538	MN775267.1_MAG:_Torque_teno_midi_virus_isolate_SAfiA-572-50_ORF1_gene,_complete_cds
551	2573	 0.538	MN776904.1_MAG:_Torque_teno_midi_virus_isolate_SAfiA-500-89_ORF1_gene,_complete_cds
552	2677	 0.538	MN779434.1_MAG:_Torque_teno_midi_virus_isolate_SAfiA-380-112_ORF1_gene,_complete_cds
553	2612	 0.538	MN779370.1_MAG:_Torque_teno_midi_virus_isolate_SAfiA-396-29_ORF1_gene,_complete_cds
554	4452	 0.537	KT868815.1_Cutavirus_strain_FR-F_NS1,_putative_VP1,_hypothetical_protein,_VP2,_and_hypothetical_protein_genes,_complete_cds
555	2707	 0.537	MN779711.1_MAG:_Torque_teno_midi_virus_isolate_SAfiA-577-173_ORF1_gene,_complete_cds
556	2609	 0.537	MN778568.1_MAG:_Torque_teno_midi_virus_isolate_SAfiA-611-256_ORF1_gene,_complete_cds
557	2610	 0.537	MN777782.1_MAG:_Torque_teno_midi_virus_isolate_SAfiA-353-96_ORF1_gene,_complete_cds
558	2604	 0.536	MN779931.1_MAG:_Torque_teno_midi_virus_isolate_SAfiA-393-46_ORF1_gene,_complete_cds
559	2595	 0.536	MN776498.1_MAG:_Torque_teno_midi_virus_isolate_SAfiA-125-23_ORF1_gene,_complete_cds
560	2796	 0.536	MN770803.1_MAG:_TTV-like_mini_virus_isolate_SAfiA-94-32,_complete_genome
561	2902	 0.535	MN769484.1_MAG:_TTV-like_mini_virus_isolate_SAfiA-552-21,_complete_genome
562	2817	 0.535	MZ286007.1_Anelloviridae_sp._isolate_SP11_C2,_complete_genome
563	2231	 0.535	MN778546.1_MAG:_Torque_teno_midi_virus_isolate_SAfiA-51-58_ORF1_gene,_complete_cds
564	2850	 0.534	MN768674.1_MAG:_Torque_teno_mini_virus_isolate_SAfiA-754-8,_complete_ORF1
565	2524	 0.534	MN779174.1_MAG:_Torque_teno_midi_virus_isolate_SAfiA-458A-22_ORF1_gene,_complete_cds
566	2657	 0.533	MN779067.1_MAG:_Torque_teno_midi_virus_isolate_SAfiA-365-34_ORF1_gene,_complete_cds
567	2966	 0.533	MN779591.1_MAG:_Torque_teno_midi_virus_isolate_SAfiA-757-9_ORF1_gene,_complete_cds
568	2610	 0.533	MN776750.1_MAG:_Torque_teno_midi_virus_isolate_SAfiA-587-227_ORF1_gene,_complete_cds
569	2562	 0.533	MN776826.1_MAG:_Torque_teno_midi_virus_isolate_SAfiA-51-44_ORF1_gene,_complete_cds
570	2864	 0.533	MN770595.1_MAG:_TTV-like_mini_virus_isolate_SAfiA-388-113,_complete_genome
571	2621	 0.533	MN779098.1_MAG:_Torque_teno_midi_virus_isolate_SAfiA-123-46_ORF1_gene,_complete_cds
572	2598	 0.532	MN778515.1_MAG:_Torque_teno_midi_virus_isolate_SAfiA-353-101_ORF1_gene,_complete_cds
573	2575	 0.532	MN779968.1_MAG:_Torque_teno_midi_virus_isolate_SAfiA-123-56_ORF1_gene,_complete_cds
574	2867	 0.531	MN768947.1_MAG:_Torque_teno_mini_virus_isolate_SAfiA-271-4,_complete_ORF1
575	2574	 0.531	MN780006.1_MAG:_Torque_teno_midi_virus_isolate_SAfiA-700-13_ORF1_gene,_complete_cds
576	2584	 0.531	MN780302.1_MAG:_Torque_teno_midi_virus_isolate_SAfiA-611-271_ORF1_gene,_complete_cds
577	2636	 0.531	MN778597.1_MAG:_Torque_teno_midi_virus_isolate_SAfiA-680-13_ORF1_gene,_complete_cds
578	2653	 0.531	MN780253.1_MAG:_Torque_teno_midi_virus_isolate_SAfiA-500-67_ORF1_gene,_complete_cds
579	2636	 0.531	MN778539.1_MAG:_Torque_teno_midi_virus_isolate_SAfiA-454-13_ORF1_gene,_complete_cds
580	2681	 0.531	MN775773.1_MAG:_Torque_teno_midi_virus_isolate_SAfiA-33-26_ORF1_gene,_complete_cds
581	2614	 0.530	MN776863.1_MAG:_Torque_teno_midi_virus_isolate_SAfiA-634-33_ORF1_gene,_complete_cds
582	2361	 0.530	MN777821.1_MAG:_Torque_teno_midi_virus_isolate_SAfiA-500-113_ORF1_gene,_complete_cds
583	2607	 0.530	MN778795.1_MAG:_Torque_teno_midi_virus_isolate_SAfiA-583-32_ORF1_gene,_complete_cds
584	2906	 0.529	MN769655.1_MAG:_TTV-like_mini_virus_isolate_SAfiA-649-11,_complete_genome
585	2605	 0.529	MN775919.1_MAG:_Torque_teno_midi_virus_isolate_SAfiA-35-129_ORF1_gene,_complete_cds
586	2615	 0.529	MN775798.1_MAG:_Torque_teno_midi_virus_isolate_SAfiA-369-57_ORF1_gene,_complete_cds
587	2653	 0.529	MN776764.1_MAG:_Torque_teno_midi_virus_isolate_SAfiA-106A-32_ORF1_gene,_complete_cds
588	2618	 0.528	MN776749.1_MAG:_Torque_teno_midi_virus_isolate_SAfiA-556-33_ORF1_gene,_complete_cds
589	2606	 0.528	MN776054.1_MAG:_Torque_teno_midi_virus_isolate_SAfiA-123-48_ORF1_gene,_complete_cds
590	2343	 0.528	MN778607.1_MAG:_Torque_teno_midi_virus_isolate_SAfiA-785-169_ORF1_gene,_complete_cds
591	2628	 0.528	MN776077.1_MAG:_Torque_teno_midi_virus_isolate_SAfiA-51-39_ORF1_gene,_complete_cds
592	2624	 0.527	MN778108.1_MAG:_Torque_teno_midi_virus_isolate_SAfiA-107-42_ORF1_gene,_complete_cds
593	2671	 0.527	MN775600.1_MAG:_Torque_teno_midi_virus_isolate_SAfiA-414-34_ORF1_gene,_complete_cds
594	2672	 0.527	MN780180.1_MAG:_Torque_teno_midi_virus_isolate_SAfiA-272-17_ORF1_gene,_complete_cds
595	2837	 0.527	MZ286041.1_Anelloviridae_sp._isolate_SP19_C2,_complete_genome
596	2625	 0.527	MN780041.1_MAG:_Torque_teno_midi_virus_isolate_SAfiA-482-18_ORF1_gene,_complete_cds
597	2693	 0.527	MN776130.1_MAG:_Torque_teno_midi_virus_isolate_SAfiA-529-21_ORF1_gene,_complete_cds
598	2524	 0.527	MN776789.1_MAG:_Torque_teno_midi_virus_isolate_SAfiA-346-141_ORF1_gene,_complete_cds
599	2619	 0.527	MN778132.1_MAG:_Torque_teno_midi_virus_isolate_SAfiA-569-84_ORF1_gene,_complete_cds
600	2594	 0.526	MN777579.1_MAG:_Torque_teno_midi_virus_isolate_SAfiA-418-35_ORF1_gene,_complete_cds
601	2610	 0.526	MN777556.1_MAG:_Torque_teno_midi_virus_isolate_SAfiA-367-57_ORF1_gene,_complete_cds
602	2647	 0.526	MN777459.1_MAG:_Torque_teno_midi_virus_isolate_SAfiA-658-22_ORF1_gene,_complete_cds
603	2752	 0.526	MN769017.1_MAG:_Torque_teno_mini_virus_isolate_SAfiA-309-30,_complete_ORF1
604	2633	 0.525	MN777127.1_MAG:_Torque_teno_midi_virus_isolate_SAfiA-710-18_ORF1_gene,_complete_cds
605	2560	 0.525	MN776527.1_MAG:_Torque_teno_midi_virus_isolate_SAfiA-361-75_ORF1_gene,_complete_cds
606	2639	 0.525	MN776952.1_MAG:_Torque_teno_midi_virus_isolate_SAfiA-277-46_ORF1_gene,_complete_cds
607	2611	 0.525	MN779839.1_MAG:_Torque_teno_midi_virus_isolate_SAfiA-442-43_ORF1_gene,_complete_cds
608	2641	 0.525	MN778974.1_MAG:_Torque_teno_midi_virus_isolate_SAfiA-113-35_ORF1_gene,_complete_cds
609	2644	 0.525	MN776268.1_MAG:_Torque_teno_midi_virus_isolate_SAfiA-39-19_ORF1_gene,_complete_cds
610	2876	 0.525	MN778001.1_MAG:_Torque_teno_midi_virus_isolate_SAfiA-355-14_ORF1_gene,_complete_cds
611	3001	 0.524	MN780388.1_MAG:_Torque_teno_midi_virus_isolate_SAfiA-832-1_ORF1_gene,_complete_cds
612	2499	 0.524	MN777311.1_MAG:_Torque_teno_midi_virus_isolate_SAfiA-341-33_ORF1_gene,_complete_cds
613	2566	 0.524	MN779543.1_MAG:_Torque_teno_midi_virus_isolate_SAfiA-361-73_ORF1_gene,_complete_cds
614	2674	 0.524	MN778664.1_MAG:_Torque_teno_midi_virus_isolate_SAfiA-274-41_ORF1_gene,_complete_cds
615	2610	 0.523	MN775964.1_MAG:_Torque_teno_midi_virus_isolate_SAfiA-12A-8_ORF1_gene,_complete_cds
616	2630	 0.523	MN777599.1_MAG:_Torque_teno_midi_virus_isolate_SAfiA-505-3_ORF1_gene,_complete_cds
617	2613	 0.522	MN779209.1_MAG:_Torque_teno_midi_virus_isolate_SAfiA-61-35_ORF1_gene,_complete_cds
618	2590	 0.522	MN780210.1_MAG:_Torque_teno_midi_virus_isolate_SAfiA-369-64_ORF1_gene,_complete_cds
619	2747	 0.522	MN779470.1_MAG:_Torque_teno_midi_virus_isolate_SAfiA-87-53_ORF1_gene,_complete_cds
620	2910	 0.522	MN769448.1_MAG:_TTV-like_mini_virus_isolate_SAfiA-51-14,_complete_genome
621	2921	 0.521	MZ286172.1_Anelloviridae_sp._isolate_SP48_C5,_complete_genome
622	2607	 0.521	MN778559.1_MAG:_Torque_teno_midi_virus_isolate_SAfiA-593-45_ORF1_gene,_complete_cds
623	2219	 0.521	MN777445.1_MAG:_Torque_teno_midi_virus_isolate_SAfiA-615-1362_ORF1_gene,_complete_cds
624	2906	 0.521	MN769331.1_MAG:_TTV-like_mini_virus_isolate_SAfiA-388-96,_complete_genome
625	2394	 0.521	MN776950.1_MAG:_Torque_teno_midi_virus_isolate_SAfiA-274-64_ORF1_gene,_complete_cds
626	2577	 0.521	MN778613.1_MAG:_Torque_teno_midi_virus_isolate_SAfiA-868-44_ORF1_gene,_complete_cds
627	2671	 0.520	MN776152.1_MAG:_Torque_teno_midi_virus_isolate_SAfiA-235-68_ORF1_gene,_complete_cds
628	2621	 0.520	MN775245.1_MAG:_Torque_teno_midi_virus_isolate_SAfiA-413-15_ORF1_gene,_complete_cds
629	2644	 0.520	MN775151.1_MAG:_Torque_teno_midi_virus_isolate_SAfiA-367-52_ORF1_gene,_complete_cds
630	2630	 0.520	MN777442.1_MAG:_Torque_teno_midi_virus_isolate_SAfiA-60-15_ORF1_gene,_complete_cds
631	2910	 0.520	MN770068.1_MAG:_TTV-like_mini_virus_isolate_SAfiA-372-4,_complete_genome
632	2612	 0.520	MN778997.1_MAG:_Torque_teno_midi_virus_isolate_SAfiA-577-226_ORF1_gene,_complete_cds
633	2961	 0.519	MN769508.1_MAG:_TTV-like_mini_virus_isolate_SAfiA-57-19,_complete_genome
634	2814	 0.519	MN771306.1_MAG:_TTV-like_mini_virus_isolate_SAfiA-578-36,_complete_genome
635	2610	 0.519	MN779828.1_MAG:_Torque_teno_midi_virus_isolate_SAfiA-368-25_ORF1_gene,_complete_cds
636	2911	 0.518	MN769645.1_MAG:_TTV-like_mini_virus_isolate_SAfiA-64-3,_complete_genome
637	2623	 0.518	MN777580.1_MAG:_Torque_teno_midi_virus_isolate_SAfiA-426-7_ORF1_gene,_complete_cds
638	2912	 0.518	MN769589.1_MAG:_TTV-like_mini_virus_isolate_SAfiA-597-8,_complete_genome
639	2632	 0.518	MN777761.1_MAG:_Torque_teno_midi_virus_isolate_SAfiA-304-18_ORF1_gene,_complete_cds
640	2640	 0.518	MN776029.1_MAG:_Torque_teno_midi_virus_isolate_SAfiA-626-41_ORF1_gene,_complete_cds
641	2619	 0.518	MN777453.1_MAG:_Torque_teno_midi_virus_isolate_SAfiA-634-32_ORF1_gene,_complete_cds
642	2579	 0.518	MN768848.1_MAG:_Torque_teno_mini_virus_isolate_SAfiA-232-32,_complete_ORF1
643	2570	 0.518	MN776969.1_MAG:_Torque_teno_midi_virus_isolate_SAfiA-31-37_ORF1_gene,_complete_cds
644	2624	 0.518	MN775202.1_MAG:_Torque_teno_midi_virus_isolate_SAfiA-122-33_ORF1_gene,_complete_cds
645	2594	 0.517	MN777784.1_MAG:_Torque_teno_midi_virus_isolate_SAfiA-358-17_ORF1_gene,_complete_cds
646	2622	 0.517	MN779456.1_MAG:_Torque_teno_midi_virus_isolate_SAfiA-608-18_ORF1_gene,_complete_cds
647	2638	 0.517	MN777093.1_MAG:_Torque_teno_midi_virus_isolate_SAfiA-621-11_ORF1_gene,_complete_cds
648	2942	 0.517	MN770288.1_MAG:_TTV-like_mini_virus_isolate_SAfiA-224-21,_complete_genome
649	2865	 0.516	MN771005.1_MAG:_TTV-like_mini_virus_isolate_SAfiA-628-40,_complete_genome
650	2613	 0.515	MN776866.1_MAG:_Torque_teno_midi_virus_isolate_SAfiA-651-51_ORF1_gene,_complete_cds
651	2635	 0.515	MN779006.1_MAG:_Torque_teno_midi_virus_isolate_SAfiA-616-39_ORF1_gene,_complete_cds
652	2622	 0.515	MN776839.1_MAG:_Torque_teno_midi_virus_isolate_SAfiA-581-76_ORF1_gene,_complete_cds
653	2360	 0.515	MN775146.1_MAG:_Torque_teno_midi_virus_isolate_SAfiA-334-90_ORF1_gene,_complete_cds
654	2811	 0.514	MN776516.1_MAG:_Torque_teno_midi_virus_isolate_SAfiA-272-22_ORF1_gene,_complete_cds
655	2830	 0.514	MN769356.1_MAG:_TTV-like_mini_virus_isolate_SAfiA-402-30,_complete_genome
656	2535	 0.514	MN776181.1_MAG:_Torque_teno_midi_virus_isolate_SAfiA-353-120_ORF1_gene,_complete_cds
657	2664	 0.514	MN775375.1_MAG:_Torque_teno_midi_virus_isolate_SAfiA-361-52_ORF1_gene,_complete_cds
658	2488	 0.513	MN779360.1_MAG:_Torque_teno_midi_virus_isolate_SAfiA-350-78_ORF1_gene,_complete_cds
659	2907	 0.513	MN771473.1_MAG:_TTV-like_mini_virus_isolate_SAfiA-609-4,_complete_genome
660	2628	 0.513	MN775559.1_MAG:_Torque_teno_midi_virus_isolate_SAfiA-615-958_ORF1_gene,_complete_cds
661	2626	 0.513	MN777714.1_MAG:_Torque_teno_midi_virus_isolate_SAfiA-106A-38_ORF1_gene,_complete_cds
662	2645	 0.512	MN779946.1_MAG:_Torque_teno_midi_virus_isolate_SAfiA-590-136_ORF1_gene,_complete_cds
663	2624	 0.512	MN779167.1_MAG:_Torque_teno_midi_virus_isolate_SAfiA-402-58_ORF1_gene,_complete_cds
664	2488	 0.511	MN777489.1_MAG:_Torque_teno_midi_virus_isolate_SAfiA-127-44_ORF1_gene,_complete_cds
665	2599	 0.511	MN779833.1_MAG:_Torque_teno_midi_virus_isolate_SAfiA-388-265_ORF1_gene,_complete_cds
666	2627	 0.511	MN780323.1_MAG:_Torque_teno_midi_virus_isolate_SAfiA-68-21_ORF1_gene,_complete_cds
667	2585	 0.511	MN776665.1_MAG:_Torque_teno_midi_virus_isolate_SAfiA-57-59_ORF1_gene,_complete_cds
668	2850	 0.511	MN770939.1_MAG:_TTV-like_mini_virus_isolate_SAfiA-388-85,_complete_genome
669	2651	 0.511	MN778494.1_MAG:_Torque_teno_midi_virus_isolate_SAfiA-298-22_ORF1_gene,_complete_cds
670	2544	 0.511	MN780213.1_MAG:_Torque_teno_midi_virus_isolate_SAfiA-37-22_ORF1_gene,_complete_cds
671	2601	 0.511	MN777612.1_MAG:_Torque_teno_midi_virus_isolate_SAfiA-566-44_ORF1_gene,_complete_cds
672	2865	 0.511	MN770982.1_MAG:_TTV-like_mini_virus_isolate_SAfiA-349-37,_complete_genome
673	2494	 0.510	MN778527.1_MAG:_Torque_teno_midi_virus_isolate_SAfiA-402-74_ORF1_gene,_complete_cds
674	2608	 0.510	MN779853.1_MAG:_Torque_teno_midi_virus_isolate_SAfiA-578-59_ORF1_gene,_complete_cds
675	2515	 0.510	MN780186.1_MAG:_Torque_teno_midi_virus_isolate_SAfiA-297-152_ORF1_gene,_complete_cds
676	2513	 0.510	MN776389.1_MAG:_Torque_teno_midi_virus_isolate_SAfiA-240-31_ORF1_gene,_complete_cds
677	2911	 0.510	MN768682.1_MAG:_Torque_teno_mini_virus_isolate_SAfiA-77-126,_complete_ORF1
678	2517	 0.509	MN768620.1_MAG:_Torque_teno_mini_virus_isolate_SAfiA-687-33,_complete_ORF1
679	2865	 0.509	MN769323.1_MAG:_TTV-like_mini_virus_isolate_SAfiA-388-55,_complete_genome
680	2600	 0.509	MN777038.1_MAG:_Torque_teno_midi_virus_isolate_SAfiA-461-18_ORF1_gene,_complete_cds
681	2865	 0.509	MN770314.1_MAG:_TTV-like_mini_virus_isolate_SAfiA-450-15,_complete_genome
682	2937	 0.508	MZ286233.1_Anelloviridae_sp._isolate_SP6_C7,_complete_genome
683	2610	 0.508	MN776058.1_MAG:_Torque_teno_midi_virus_isolate_SAfiA-235-82_ORF1_gene,_complete_cds
684	2641	 0.508	MN777017.1_MAG:_Torque_teno_midi_virus_isolate_SAfiA-380-129_ORF1_gene,_complete_cds
685	2646	 0.507	MN775572.1_MAG:_Torque_teno_midi_virus_isolate_SAfiA-812-65_ORF1_gene,_complete_cds
686	2847	 0.507	MZ286289.1_Anelloviridae_sp._isolate_SP57_C2,_complete_genome
687	2636	 0.506	MN776609.1_MAG:_Torque_teno_midi_virus_isolate_SAfiA-272-20_ORF1_gene,_complete_cds
688	2642	 0.506	MN778064.1_MAG:_Torque_teno_midi_virus_isolate_SAfiA-649-21_ORF1_gene,_complete_cds
689	2706	 0.506	MN775614.1_MAG:_Torque_teno_midi_virus_isolate_SAfiA-611-208_ORF1_gene,_complete_cds
690	2678	 0.506	MN777903.1_MAG:_Torque_teno_midi_virus_isolate_SAfiA-33-27_ORF1_gene,_complete_cds
691	2591	 0.506	MN777338.1_MAG:_Torque_teno_midi_virus_isolate_SAfiA-102-85_ORF1_gene,_complete_cds
692	2876	 0.506	MN770509.1_MAG:_TTV-like_mini_virus_isolate_SAfiA-274-27,_complete_genome
693	2589	 0.505	MN778596.1_MAG:_Torque_teno_midi_virus_isolate_SAfiA-666-31_ORF1_gene,_complete_cds
694	2830	 0.505	MN778031.1_MAG:_Torque_teno_midi_virus_isolate_SAfiA-556-5_ORF1_gene,_complete_cds
695	2895	 0.505	MN770337.1_MAG:_TTV-like_mini_virus_isolate_SAfiA-234-12,_complete_genome
696	2654	 0.505	MN777513.1_MAG:_Torque_teno_midi_virus_isolate_SAfiA-275-97_ORF1_gene,_complete_cds
697	2657	 0.505	MN778769.1_MAG:_Torque_teno_midi_virus_isolate_SAfiA-500-66_ORF1_gene,_complete_cds
698	2749	 0.505	MN780276.1_MAG:_Torque_teno_midi_virus_isolate_SAfiA-577-163_ORF1_gene,_complete_cds
699	2503	 0.505	MN777843.1_MAG:_Torque_teno_midi_virus_isolate_SAfiA-587-298_ORF1_gene,_complete_cds
700	2841	 0.505	MN770400.1_MAG:_TTV-like_mini_virus_isolate_SAfiA-725-4,_complete_genome
701	2665	 0.505	MN780300.1_MAG:_Torque_teno_midi_virus_isolate_SAfiA-611-189_ORF1_gene,_complete_cds
702	2874	 0.504	MN771237.1_MAG:_TTV-like_mini_virus_isolate_SAfiA-352-16,_complete_genome
703	2599	 0.504	MN779870.1_MAG:_Torque_teno_midi_virus_isolate_SAfiA-710-29_ORF1_gene,_complete_cds
704	2576	 0.504	MN777237.1_MAG:_Torque_teno_midi_virus_isolate_SAfiA-315-54_ORF1_gene,_complete_cds
705	2708	 0.503	MN778035.1_MAG:_Torque_teno_midi_virus_isolate_SAfiA-572-48_ORF1_gene,_complete_cds
706	2618	 0.503	MN777892.1_MAG:_Torque_teno_midi_virus_isolate_SAfiA-873-52_ORF1_gene,_complete_cds
707	3056	 0.503	MN774956.1_MAG:_Torque_teno_midi_virus_isolate_SAfiA-610-7,_complete_genome
708	2643	 0.503	MN778704.1_MAG:_Torque_teno_midi_virus_isolate_SAfiA-346-83_ORF1_gene,_complete_cds
709	2607	 0.503	MN776731.1_MAG:_Torque_teno_midi_virus_isolate_SAfiA-263-39_ORF1_gene,_complete_cds
710	2536	 0.503	MN779768.1_MAG:_Torque_teno_midi_virus_isolate_SAfiA-710-38_ORF1_gene,_complete_cds
711	2826	 0.503	MN770129.1_MAG:_TTV-like_mini_virus_isolate_SAfiA-235-48,_complete_genome
712	2582	 0.502	MN779944.1_MAG:_Torque_teno_midi_virus_isolate_SAfiA-578-66_ORF1_gene,_complete_cds
713	2521	 0.502	MN777268.1_MAG:_Torque_teno_midi_virus_isolate_SAfiA-701-20_ORF1_gene,_complete_cds
714	2723	 0.502	MN779846.1_MAG:_Torque_teno_midi_virus_isolate_SAfiA-505-1_ORF1_gene,_complete_cds
715	2559	 0.502	MN779975.1_MAG:_Torque_teno_midi_virus_isolate_SAfiA-325-45_ORF1_gene,_complete_cds
716	2556	 0.501	MN778893.1_MAG:_Torque_teno_midi_virus_isolate_SAfiA-247-56_ORF1_gene,_complete_cds
717	2664	 0.501	MN779895.1_MAG:_Torque_teno_midi_virus_isolate_SAfiA-410-13_ORF1_gene,_complete_cds
718	2641	 0.501	MN777003.1_MAG:_Torque_teno_midi_virus_isolate_SAfiA-346-85_ORF1_gene,_complete_cds
719	2589	 0.501	MN776514.1_MAG:_Torque_teno_midi_virus_isolate_SAfiA-263-42_ORF1_gene,_complete_cds
720	2852	 0.501	MN771133.1_MAG:_TTV-like_mini_virus_isolate_SAfiA-522-6,_complete_genome
721	2596	 0.501	MN778471.1_MAG:_Torque_teno_midi_virus_isolate_SAfiA-107-49_ORF1_gene,_complete_cds
722	2900	 0.501	MN776564.1_MAG:_Torque_teno_midi_virus_isolate_SAfiA-633-50_ORF1_gene,_complete_cds
723	2870	 0.501	MN770317.1_MAG:_TTV-like_mini_virus_isolate_SAfiA-491-15,_complete_genome
724	2671	 0.501	MN779625.1_MAG:_Torque_teno_midi_virus_isolate_SAfiA-319-34_ORF1_gene,_complete_cds
725	2825	 0.500	MN770278.1_MAG:_TTV-like_mini_virus_isolate_SAfiA-99-24,_complete_genome
726	2744	 0.500	MN768829.1_MAG:_Torque_teno_mini_virus_isolate_SAfiA-765-11,_complete_ORF1
727	2616	 0.500	MN780326.1_MAG:_Torque_teno_midi_virus_isolate_SAfiA-70-39_ORF1_gene,_complete_cds
728	2872	 0.500	MN769565.1_MAG:_TTV-like_mini_virus_isolate_SAfiA-587-68,_complete_genome
729	2605	 0.500	MN779010.1_MAG:_Torque_teno_midi_virus_isolate_SAfiA-651-53_ORF1_gene,_complete_cds
730	2863	 0.500	MN771479.1_MAG:_TTV-like_mini_virus_isolate_SAfiA-626-23,_complete_genome
731	2675	 0.499	MN778819.1_MAG:_Torque_teno_midi_virus_isolate_SAfiA-625-23_ORF1_gene,_complete_cds
732	2632	 0.499	MN776051.1_MAG:_Torque_teno_midi_virus_isolate_SAfiA-96-29_ORF1_gene,_complete_cds
733	2468	 0.499	MN778140.1_MAG:_Torque_teno_midi_virus_isolate_SAfiA-634-43_ORF1_gene,_complete_cds
734	2870	 0.499	MN770974.1_MAG:_TTV-like_mini_virus_isolate_SAfiA-326-15,_complete_genome
735	2641	 0.498	MN776701.1_MAG:_Torque_teno_midi_virus_isolate_SAfiA-646-23_ORF1_gene,_complete_cds
736	2922	 0.498	MN776995.1_MAG:_Torque_teno_midi_virus_isolate_SAfiA-560-9_ORF1_gene,_complete_cds
737	2558	 0.498	MN777373.1_MAG:_Torque_teno_midi_virus_isolate_SAfiA-334-63_ORF1_gene,_complete_cds
738	2747	 0.498	MN770561.1_MAG:_TTV-like_mini_virus_isolate_SAfiA-349-64,_complete_genome
739	2521	 0.498	MN779857.1_MAG:_Torque_teno_midi_virus_isolate_SAfiA-583-37_ORF1_gene,_complete_cds
740	2640	 0.498	MN775332.1_MAG:_Torque_teno_midi_virus_isolate_SAfiA-634-31_ORF1_gene,_complete_cds
741	2643	 0.498	MN776038.1_MAG:_Torque_teno_midi_virus_isolate_SAfiA-67-7_ORF1_gene,_complete_cds
742	2689	 0.498	MN777159.1_MAG:_Torque_teno_midi_virus_isolate_SAfiA-297-118_ORF1_gene,_complete_cds
743	2592	 0.497	MN779337.1_MAG:_Torque_teno_midi_virus_isolate_SAfiA-102-84_ORF1_gene,_complete_cds
744	2835	 0.496	MN771370.1_MAG:_TTV-like_mini_virus_isolate_SAfiA-590-73,_complete_genome
745	2550	 0.496	MN776954.1_MAG:_Torque_teno_midi_virus_isolate_SAfiA-311-35_ORF1_gene,_complete_cds
746	2655	 0.496	MN779077.1_MAG:_Torque_teno_midi_virus_isolate_SAfiA-61-27_ORF1_gene,_complete_cds
747	2445	 0.496	MN776553.1_MAG:_Torque_teno_midi_virus_isolate_SAfiA-590-198_ORF1_gene,_complete_cds
748	2570	 0.496	MN777062.1_MAG:_Torque_teno_midi_virus_isolate_SAfiA-562-21_ORF1_gene,_complete_cds
749	2619	 0.496	MN779042.1_MAG:_Torque_teno_midi_virus_isolate_SAfiA-361-62_ORF1_gene,_complete_cds
750	2679	 0.496	MN775100.1_MAG:_Torque_teno_midi_virus_isolate_SAfiA-361-49_ORF1_gene,_complete_cds
751	2521	 0.495	MN777386.1_MAG:_Torque_teno_midi_virus_isolate_SAfiA-360-56_ORF1_gene,_complete_cds
752	2685	 0.495	MN780127.1_MAG:_Torque_teno_midi_virus_isolate_SAfiA-520-25_ORF1_gene,_complete_cds
753	2578	 0.495	MN777321.1_MAG:_Torque_teno_midi_virus_isolate_SAfiA-491-25_ORF1_gene,_complete_cds
754	2671	 0.495	MN775979.1_MAG:_Torque_teno_midi_virus_isolate_SAfiA-254-57_ORF1_gene,_complete_cds
755	2954	 0.495	MN780030.1_MAG:_Torque_teno_midi_virus_isolate_SAfiA-394-11_ORF1_gene,_complete_cds
756	2607	 0.494	MN777793.1_MAG:_Torque_teno_midi_virus_isolate_SAfiA-369-61_ORF1_gene,_complete_cds
757	2543	 0.494	MN777475.1_MAG:_Torque_teno_midi_virus_isolate_SAfiA-81-55_ORF1_gene,_complete_cds
758	2581	 0.494	MN777099.1_MAG:_Torque_teno_midi_virus_isolate_SAfiA-626-49_ORF1_gene,_complete_cds
759	2486	 0.494	MN777652.1_MAG:_Torque_teno_midi_virus_isolate_SAfiA-615-1053_ORF1_gene,_complete_cds
760	2615	 0.494	MN779109.1_MAG:_Torque_teno_midi_virus_isolate_SAfiA-234-35_ORF1_gene,_complete_cds
761	2991	 0.494	MN771355.1_MAG:_TTV-like_mini_virus_isolate_SAfiA-35-27,_complete_genome
762	2857	 0.494	MN776515.1_MAG:_Torque_teno_midi_virus_isolate_SAfiA-271-5_ORF1_gene,_complete_cds
763	2618	 0.494	MN775518.1_MAG:_Torque_teno_midi_virus_isolate_SAfiA-346-93_ORF1_gene,_complete_cds
764	2599	 0.494	MN779122.1_MAG:_Torque_teno_midi_virus_isolate_SAfiA-247-51_ORF1_gene,_complete_cds
765	2609	 0.493	MN779398.1_MAG:_Torque_teno_midi_virus_isolate_SAfiA-628-78_ORF1_gene,_complete_cds
766	2712	 0.493	MN775528.1_MAG:_Torque_teno_midi_virus_isolate_SAfiA-442-28_ORF1_gene,_complete_cds
767	2528	 0.493	MN776213.1_MAG:_Torque_teno_midi_virus_isolate_SAfiA-578-84_ORF1_gene,_complete_cds
768	2548	 0.493	MN777990.1_MAG:_Torque_teno_midi_virus_isolate_SAfiA-302-27_ORF1_gene,_complete_cds
769	2634	 0.493	MN775740.1_MAG:_Torque_teno_midi_virus_isolate_SAfiA-232-29_ORF1_gene,_complete_cds
770	2714	 0.492	MN775353.1_MAG:_Torque_teno_midi_virus_isolate_SAfiA-590-172_ORF1_gene,_complete_cds
771	2901	 0.492	MN770062.1_MAG:_TTV-like_mini_virus_isolate_SAfiA-354-0,_complete_genome
772	2595	 0.492	MN779930.1_MAG:_Torque_teno_midi_virus_isolate_SAfiA-388-268_ORF1_gene,_complete_cds
773	2688	 0.492	MN778578.1_MAG:_Torque_teno_midi_virus_isolate_SAfiA-634-30_ORF1_gene,_complete_cds
774	2585	 0.492	MN776167.1_MAG:_Torque_teno_midi_virus_isolate_SAfiA-319-60_ORF1_gene,_complete_cds
775	2599	 0.491	MN779001.1_MAG:_Torque_teno_midi_virus_isolate_SAfiA-590-162_ORF1_gene,_complete_cds
776	2638	 0.491	MN775180.1_MAG:_Torque_teno_midi_virus_isolate_SAfiA-615-946_ORF1_gene,_complete_cds
777	2839	 0.491	MN771424.1_MAG:_TTV-like_mini_virus_isolate_SAfiA-380-63,_complete_genome
778	2673	 0.491	MN777210.1_MAG:_Torque_teno_midi_virus_isolate_SAfiA-577-191_ORF1_gene,_complete_cds
779	2559	 0.490	MN777901.1_MAG:_Torque_teno_midi_virus_isolate_SAfiA-265-40_ORF1_gene,_complete_cds
780	2609	 0.490	MN779103.1_MAG:_Torque_teno_midi_virus_isolate_SAfiA-127-28_ORF1_gene,_complete_cds
781	2635	 0.490	MN776032.1_MAG:_Torque_teno_midi_virus_isolate_SAfiA-646-24_ORF1_gene,_complete_cds
782	2827	 0.490	MN768691.1_MAG:_Torque_teno_mini_virus_isolate_SAfiA-790-28,_complete_ORF1
783	7550	 0.489	MH118035.1_Coxsackievirus_A10_strain_17-2249-2,_complete_genome
784	2628	 0.489	MN779494.1_MAG:_Torque_teno_midi_virus_isolate_SAfiA-353-89_ORF1_gene,_complete_cds
785	2613	 0.489	MN777792.1_MAG:_Torque_teno_midi_virus_isolate_SAfiA-369-58_ORF1_gene,_complete_cds
786	2656	 0.489	MN777826.1_MAG:_Torque_teno_midi_virus_isolate_SAfiA-51-32_ORF1_gene,_complete_cds
787	2606	 0.489	MN777341.1_MAG:_Torque_teno_midi_virus_isolate_SAfiA-116-55_ORF1_gene,_complete_cds
788	2465	 0.489	MN779805.1_MAG:_Torque_teno_midi_virus_isolate_SAfiA-12A-10_ORF1_gene,_complete_cds
789	2729	 0.488	MN775776.1_MAG:_Torque_teno_midi_virus_isolate_SAfiA-376-48_ORF1_gene,_complete_cds
790	2636	 0.488	MN775805.1_MAG:_Torque_teno_midi_virus_isolate_SAfiA-484-18_ORF1_gene,_complete_cds
791	2510	 0.488	MN775416.1_MAG:_Torque_teno_midi_virus_isolate_SAfiA-352-45_ORF1_gene,_complete_cds
792	2592	 0.488	MN778820.1_MAG:_Torque_teno_midi_virus_isolate_SAfiA-625-38_ORF1_gene,_complete_cds
793	2672	 0.488	MN778708.1_MAG:_Torque_teno_midi_virus_isolate_SAfiA-353-73_ORF1_gene,_complete_cds
794	2636	 0.488	MN779225.1_MAG:_Torque_teno_midi_virus_isolate_SAfiA-81-45_ORF1_gene,_complete_cds
795	2894	 0.488	MN770394.1_MAG:_TTV-like_mini_virus_isolate_SAfiA-676-17,_complete_genome
796	2912	 0.488	MN770410.1_MAG:_TTV-like_mini_virus_isolate_SAfiA-794-3,_complete_genome
797	2760	 0.488	MN770676.1_MAG:_TTV-like_mini_virus_isolate_SAfiA-573-43,_complete_genome
798	2641	 0.488	MN779677.1_MAG:_Torque_teno_midi_virus_isolate_SAfiA-435-17_ORF1_gene,_complete_cds
799	2670	 0.487	MN778668.1_MAG:_Torque_teno_midi_virus_isolate_SAfiA-297-120_ORF1_gene,_complete_cds
800	2595	 0.487	MN779917.1_MAG:_Torque_teno_midi_virus_isolate_SAfiA-234-38_ORF1_gene,_complete_cds
801	2900	 0.487	MN769929.1_MAG:_TTV-like_mini_virus_isolate_SAfiA-388-43,_complete_genome
802	2717	 0.487	MN775565.1_MAG:_Torque_teno_midi_virus_isolate_SAfiA-676-34_ORF1_gene,_complete_cds
803	2706	 0.487	MN779069.1_MAG:_Torque_teno_midi_virus_isolate_SAfiA-4-28_ORF1_gene,_complete_cds
804	2605	 0.487	MN777730.1_MAG:_Torque_teno_midi_virus_isolate_SAfiA-123-49_ORF1_gene,_complete_cds
805	2640	 0.487	MN777286.1_MAG:_Torque_teno_midi_virus_isolate_SAfiA-272-19_ORF1_gene,_complete_cds
806	2603	 0.486	MN775810.1_MAG:_Torque_teno_midi_virus_isolate_SAfiA-577-228_ORF1_gene,_complete_cds
807	2902	 0.486	MN771200.1_MAG:_TTV-like_mini_virus_isolate_SAfiA-873-29,_complete_genome
808	2662	 0.486	MN775609.1_MAG:_Torque_teno_midi_virus_isolate_SAfiA-587-182_ORF1_gene,_complete_cds
809	2661	 0.486	MN778276.1_MAG:_Torque_teno_midi_virus_isolate_SAfiA-593-33_ORF1_gene,_complete_cds
810	2506	 0.486	MN777347.1_MAG:_Torque_teno_midi_virus_isolate_SAfiA-127-38_ORF1_gene,_complete_cds
811	2627	 0.486	MN775277.1_MAG:_Torque_teno_midi_virus_isolate_SAfiA-5A-31_ORF1_gene,_complete_cds
812	2624	 0.485	MN780283.1_MAG:_Torque_teno_midi_virus_isolate_SAfiA-587-216_ORF1_gene,_complete_cds
813	2622	 0.485	MN779811.1_MAG:_Torque_teno_midi_virus_isolate_SAfiA-242-73_ORF1_gene,_complete_cds
814	2616	 0.485	MN776165.1_MAG:_Torque_teno_midi_virus_isolate_SAfiA-314-50_ORF1_gene,_complete_cds
815	2640	 0.485	MN779876.1_MAG:_Torque_teno_midi_virus_isolate_SAfiA-865-161_ORF1_gene,_complete_cds
816	2718	 0.485	MN779197.1_MAG:_Torque_teno_midi_virus_isolate_SAfiA-587-117_ORF1_gene,_complete_cds
817	2583	 0.485	MN777235.1_MAG:_Torque_teno_midi_virus_isolate_SAfiA-304-21_ORF1_gene,_complete_cds
818	2820	 0.485	MN769104.1_MAG:_TTV-like_mini_virus_isolate_SAfiA-235-33,_complete_genome
819	2490	 0.485	MN779381.1_MAG:_Torque_teno_midi_virus_isolate_SAfiA-55-34_ORF1_gene,_complete_cds
820	2544	 0.485	MN776494.1_MAG:_Torque_teno_midi_virus_isolate_SAfiA-116-68_ORF1_gene,_complete_cds
821	2536	 0.485	MN779807.1_MAG:_Torque_teno_midi_virus_isolate_SAfiA-234-50_ORF1_gene,_complete_cds
822	2698	 0.484	MN775694.1_MAG:_Torque_teno_midi_virus_isolate_SAfiA-79-7_ORF1_gene,_complete_cds
823	2533	 0.484	MN780005.1_MAG:_Torque_teno_midi_virus_isolate_SAfiA-699-18_ORF1_gene,_complete_cds
824	2587	 0.484	MN776877.1_MAG:_Torque_teno_midi_virus_isolate_SAfiA-270-22_ORF1_gene,_complete_cds
825	2785	 0.484	MN779704.1_MAG:_Torque_teno_midi_virus_isolate_SAfiA-55-23_ORF1_gene,_complete_cds
826	2545	 0.484	MN776177.1_MAG:_Torque_teno_midi_virus_isolate_SAfiA-346-130_ORF1_gene,_complete_cds
827	2597	 0.484	MN775301.1_MAG:_Torque_teno_midi_virus_isolate_SAfiA-810-94_ORF1_gene,_complete_cds
828	2622	 0.484	MN779159.1_MAG:_Torque_teno_midi_virus_isolate_SAfiA-388-247_ORF1_gene,_complete_cds
829	2612	 0.484	MN780310.1_MAG:_Torque_teno_midi_virus_isolate_SAfiA-628-76_ORF1_gene,_complete_cds
830	2718	 0.484	MN779170.1_MAG:_Torque_teno_midi_virus_isolate_SAfiA-4-26_ORF1_gene,_complete_cds
831	2766	 0.483	MN779002.1_MAG:_Torque_teno_midi_virus_isolate_SAfiA-590-77_ORF1_gene,_complete_cds
832	2895	 0.483	MN770368.1_MAG:_TTV-like_mini_virus_isolate_SAfiA-47-12,_complete_genome
833	2889	 0.483	MN770119.1_MAG:_TTV-like_mini_virus_isolate_SAfiA-859-9,_complete_genome
834	2553	 0.483	MN776862.1_MAG:_Torque_teno_midi_virus_isolate_SAfiA-628-98_ORF1_gene,_complete_cds
835	2838	 0.483	MN769370.1_MAG:_TTV-like_mini_virus_isolate_SAfiA-4-19,_complete_genome
836	2905	 0.483	MN776129.1_MAG:_Torque_teno_midi_virus_isolate_SAfiA-521-9_ORF1_gene,_complete_cds
837	2684	 0.483	MN777028.1_MAG:_Torque_teno_midi_virus_isolate_SAfiA-401-36_ORF1_gene,_complete_cds
838	2458	 0.483	MN777266.1_MAG:_Torque_teno_midi_virus_isolate_SAfiA-642-83_ORF1_gene,_complete_cds
839	2903	 0.482	MN768883.1_MAG:_Torque_teno_mini_virus_isolate_SAfiA-242-30,_complete_ORF1
840	2623	 0.482	MN777400.1_MAG:_Torque_teno_midi_virus_isolate_SAfiA-410-14_ORF1_gene,_complete_cds
841	2581	 0.481	MN778264.1_MAG:_Torque_teno_midi_virus_isolate_SAfiA-572-60_ORF1_gene,_complete_cds
842	2907	 0.481	MN769283.1_MAG:_TTV-like_mini_virus_isolate_SAfiA-365-14,_complete_genome
843	2608	 0.481	MN779819.1_MAG:_Torque_teno_midi_virus_isolate_SAfiA-33-43_ORF1_gene,_complete_cds
844	2659	 0.481	MN779670.1_MAG:_Torque_teno_midi_virus_isolate_SAfiA-388-224_ORF1_gene,_complete_cds
845	2627	 0.481	MN776006.1_MAG:_Torque_teno_midi_virus_isolate_SAfiA-393-44_ORF1_gene,_complete_cds
846	2744	 0.480	MN768950.1_MAG:_Torque_teno_mini_virus_isolate_SAfiA-273-8,_complete_ORF1
847	2786	 0.480	MN779758.1_MAG:_Torque_teno_midi_virus_isolate_SAfiA-667-12_ORF1_gene,_complete_cds
848	2631	 0.480	MN775716.1_MAG:_Torque_teno_midi_virus_isolate_SAfiA-453-20_ORF1_gene,_complete_cds
849	2780	 0.480	MN770488.1_MAG:_TTV-like_mini_virus_isolate_SAfiA-249-10,_complete_genome
850	2613	 0.480	MN776915.1_MAG:_Torque_teno_midi_virus_isolate_SAfiA-710-26_ORF1_gene,_complete_cds
851	2655	 0.480	MN776458.1_MAG:_Torque_teno_midi_virus_isolate_SAfiA-51-33_ORF1_gene,_complete_cds
852	2670	 0.480	MN779620.1_MAG:_Torque_teno_midi_virus_isolate_SAfiA-297-121_ORF1_gene,_complete_cds
853	2571	 0.480	MN780211.1_MAG:_Torque_teno_midi_virus_isolate_SAfiA-369-67_ORF1_gene,_complete_cds
854	2629	 0.479	MN778489.1_MAG:_Torque_teno_midi_virus_isolate_SAfiA-263-36_ORF1_gene,_complete_cds
855	2554	 0.479	MN775314.1_MAG:_Torque_teno_midi_virus_isolate_SAfiA-112-19_ORF1_gene,_complete_cds
856	2669	 0.479	MN775596.1_MAG:_Torque_teno_midi_virus_isolate_SAfiA-380-117_ORF1_gene,_complete_cds
857	2865	 0.479	MN771008.1_MAG:_TTV-like_mini_virus_isolate_SAfiA-684-9,_complete_genome
858	2542	 0.479	MN776754.1_MAG:_Torque_teno_midi_virus_isolate_SAfiA-616-51_ORF1_gene,_complete_cds
859	2665	 0.479	MN778669.1_MAG:_Torque_teno_midi_virus_isolate_SAfiA-297-123_ORF1_gene,_complete_cds
860	2641	 0.479	MN780163.1_MAG:_Torque_teno_midi_virus_isolate_SAfiA-232-28_ORF1_gene,_complete_cds
861	2681	 0.479	MN777049.1_MAG:_Torque_teno_midi_virus_isolate_SAfiA-491-21_ORF1_gene,_complete_cds
862	2592	 0.479	MN776546.1_MAG:_Torque_teno_midi_virus_isolate_SAfiA-541-36_ORF1_gene,_complete_cds
863	2631	 0.479	MN777853.1_MAG:_Torque_teno_midi_virus_isolate_SAfiA-610-38_ORF1_gene,_complete_cds
864	2739	 0.478	MN780061.1_MAG:_Torque_teno_midi_virus_isolate_SAfiA-699-16_ORF1_gene,_complete_cds
865	2661	 0.478	MN778963.1_MAG:_Torque_teno_midi_virus_isolate_SAfiA-616-34_ORF1_gene,_complete_cds
866	2481	 0.478	MN777672.1_MAG:_Torque_teno_midi_virus_isolate_SAfiA-68-25_ORF1_gene,_complete_cds
867	2596	 0.478	MN778485.1_MAG:_Torque_teno_midi_virus_isolate_SAfiA-254-89_ORF1_gene,_complete_cds
868	2683	 0.478	MN777206.1_MAG:_Torque_teno_midi_virus_isolate_SAfiA-502-31_ORF1_gene,_complete_cds
869	2564	 0.478	MN775961.1_MAG:_Torque_teno_midi_virus_isolate_SAfiA-127-31_ORF1_gene,_complete_cds
870	2966	 0.477	MN774997.1_MAG:_Torque_teno_midi_virus_isolate_SAfiA-62-1_ORF1_gene,_complete_cds
871	2622	 0.477	MN779116.1_MAG:_Torque_teno_midi_virus_isolate_SAfiA-241-46_ORF1_gene,_complete_cds
872	2602	 0.477	MN777278.1_MAG:_Torque_teno_midi_virus_isolate_SAfiA-859-32_ORF1_gene,_complete_cds
873	2580	 0.477	MN779348.1_MAG:_Torque_teno_midi_virus_isolate_SAfiA-242-90_ORF1_gene,_complete_cds
874	2912	 0.477	MN770174.1_MAG:_TTV-like_mini_virus_isolate_SAfiA-867-318,_complete_genome
875	2606	 0.477	MN776726.1_MAG:_Torque_teno_midi_virus_isolate_SAfiA-102-82_ORF1_gene,_complete_cds
876	2460	 0.477	MN778528.1_MAG:_Torque_teno_midi_virus_isolate_SAfiA-413-18_ORF1_gene,_complete_cds
877	2674	 0.477	MN776537.1_MAG:_Torque_teno_midi_virus_isolate_SAfiA-4-30_ORF1_gene,_complete_cds
878	2550	 0.476	MN776577.1_MAG:_Torque_teno_midi_virus_isolate_SAfiA-859-37_ORF1_gene,_complete_cds
879	2580	 0.476	MN776083.1_MAG:_Torque_teno_midi_virus_isolate_SAfiA-587-274_ORF1_gene,_complete_cds
880	2665	 0.476	MN775482.1_MAG:_Torque_teno_midi_virus_isolate_SAfiA-593-32_ORF1_gene,_complete_cds
881	2820	 0.476	MN769256.1_MAG:_TTV-like_mini_virus_isolate_SAfiA-35-59,_complete_genome
882	2535	 0.475	MN776941.1_MAG:_Torque_teno_midi_virus_isolate_SAfiA-254-108_ORF1_gene,_complete_cds
883	2937	 0.475	MN779574.1_MAG:_Torque_teno_midi_virus_isolate_SAfiA-709-5_ORF1_gene,_complete_cds
884	2601	 0.474	MN777354.1_MAG:_Torque_teno_midi_virus_isolate_SAfiA-242-80_ORF1_gene,_complete_cds
885	2628	 0.474	MN780260.1_MAG:_Torque_teno_midi_virus_isolate_SAfiA-523-32_ORF1_gene,_complete_cds
886	2696	 0.474	MN779056.1_MAG:_Torque_teno_midi_virus_isolate_SAfiA-242-46_ORF1_gene,_complete_cds
887	2553	 0.474	MN779095.1_MAG:_Torque_teno_midi_virus_isolate_SAfiA-118-22_ORF1_gene,_complete_cds
888	2667	 0.474	MN768754.1_MAG:_Torque_teno_mini_virus_isolate_SAfiA-87-75,_complete_ORF1
889	2588	 0.474	MN776788.1_MAG:_Torque_teno_midi_virus_isolate_SAfiA-346-110_ORF1_gene,_complete_cds
890	2618	 0.474	MN778368.1_MAG:_Torque_teno_midi_virus_isolate_SAfiA-268-24_ORF1_gene,_complete_cds
891	2638	 0.473	MN778221.1_MAG:_Torque_teno_midi_virus_isolate_SAfiA-388-233_ORF1_gene,_complete_cds
892	2894	 0.473	MN770568.1_MAG:_TTV-like_mini_virus_isolate_SAfiA-353-24,_complete_genome
893	2443	 0.473	MN777768.1_MAG:_Torque_teno_midi_virus_isolate_SAfiA-311-42_ORF1_gene,_complete_cds
894	2576	 0.473	MN777314.1_MAG:_Torque_teno_midi_virus_isolate_SAfiA-355-21_ORF1_gene,_complete_cds
895	2604	 0.473	MN779168.1_MAG:_Torque_teno_midi_virus_isolate_SAfiA-414-47_ORF1_gene,_complete_cds
896	2647	 0.473	MN779868.1_MAG:_Torque_teno_midi_virus_isolate_SAfiA-700-8_ORF1_gene,_complete_cds
897	2912	 0.473	MN769734.1_MAG:_TTV-like_mini_virus_isolate_SAfiA-780-10,_complete_genome
898	2836	 0.472	MN771430.1_MAG:_TTV-like_mini_virus_isolate_SAfiA-392-25,_complete_genome
899	2738	 0.472	MN778052.1_MAG:_Torque_teno_midi_virus_isolate_SAfiA-611-197_ORF1_gene,_complete_cds
900	2743	 0.472	MN777690.1_MAG:_Torque_teno_midi_virus_isolate_SAfiA-87-65_ORF1_gene,_complete_cds
901	2744	 0.472	MN768844.1_MAG:_Torque_teno_mini_virus_isolate_SAfiA-230-17,_complete_ORF1
902	2628	 0.472	MN779378.1_MAG:_Torque_teno_midi_virus_isolate_SAfiA-51-38_ORF1_gene,_complete_cds
903	2663	 0.471	MN778977.1_MAG:_Torque_teno_midi_virus_isolate_SAfiA-242-55_ORF1_gene,_complete_cds
904	2986	 0.471	MN780330.1_MAG:_Torque_teno_midi_virus_isolate_SAfiA-803-11_ORF1_gene,_complete_cds
905	2507	 0.471	MN775040.1_MAG:_Torque_teno_midi_virus_isolate_SAfiA-388-351_ORF1_gene,_complete_cds
906	3065	 0.471	MN780385.1_MAG:_Torque_teno_midi_virus_isolate_SAfiA-896-1_ORF1_gene,_complete_cds
907	2613	 0.471	MN776468.1_MAG:_Torque_teno_midi_virus_isolate_SAfiA-590-154_ORF1_gene,_complete_cds
908	2689	 0.471	MN780124.1_MAG:_Torque_teno_midi_virus_isolate_SAfiA-388-211_ORF1_gene,_complete_cds
909	2576	 0.471	MN777279.1_MAG:_Torque_teno_midi_virus_isolate_SAfiA-859-33_ORF1_gene,_complete_cds
910	2528	 0.471	MN775014.1_MAG:_Torque_teno_midi_virus_isolate_SAfiA-332-26_ORF1_gene,_complete_cds
911	2589	 0.471	MN778624.1_MAG:_Torque_teno_midi_virus_isolate_SAfiA-103A-9_ORF1_gene,_complete_cds
912	2609	 0.470	MN775952.1_MAG:_Torque_teno_midi_virus_isolate_SAfiA-235-83_ORF1_gene,_complete_cds
913	2721	 0.470	MN780059.1_MAG:_Torque_teno_midi_virus_isolate_SAfiA-658-19_ORF1_gene,_complete_cds
914	2864	 0.470	MN770763.1_MAG:_TTV-like_mini_virus_isolate_SAfiA-779-28,_complete_genome
915	2660	 0.470	MN780467.1_MAG:_Torque_teno_midi_virus_isolate_SAfiA-625-24_ORF1_gene,_complete_cds
916	2628	 0.469	MN780236.1_MAG:_Torque_teno_midi_virus_isolate_SAfiA-445-14_ORF1_gene,_complete_cds
917	2359	 0.469	MN779731.1_MAG:_Torque_teno_midi_virus_isolate_SAfiA-609-40_ORF1_gene,_complete_cds
918	2625	 0.469	MN779864.1_MAG:_Torque_teno_midi_virus_isolate_SAfiA-621-15_ORF1_gene,_complete_cds
919	2616	 0.469	MN775261.1_MAG:_Torque_teno_midi_virus_isolate_SAfiA-528-20_ORF1_gene,_complete_cds
920	2595	 0.469	MN776812.1_MAG:_Torque_teno_midi_virus_isolate_SAfiA-414-50_ORF1_gene,_complete_cds
921	2724	 0.469	MN779652.1_MAG:_Torque_teno_midi_virus_isolate_SAfiA-353-67_ORF1_gene,_complete_cds
922	2687	 0.469	MN777173.1_MAG:_Torque_teno_midi_virus_isolate_SAfiA-687-24_ORF1_gene,_complete_cds
923	2484	 0.468	MN776363.1_MAG:_Torque_teno_midi_virus_isolate_SAfiA-581-91_ORF1_gene,_complete_cds
924	2908	 0.468	MN776136.1_MAG:_Torque_teno_midi_virus_isolate_SAfiA-757-4_ORF1_gene,_complete_cds
925	2650	 0.468	MN778268.1_MAG:_Torque_teno_midi_virus_isolate_SAfiA-587-196_ORF1_gene,_complete_cds
926	2716	 0.468	MN775954.1_MAG:_Torque_teno_midi_virus_isolate_SAfiA-414-27_ORF1_gene,_complete_cds
927	2615	 0.468	MN777433.1_MAG:_Torque_teno_midi_virus_isolate_SAfiA-578-58_ORF1_gene,_complete_cds
928	2600	 0.468	MN775289.1_MAG:_Torque_teno_midi_virus_isolate_SAfiA-676-46_ORF1_gene,_complete_cds
929	2611	 0.468	MN778459.1_MAG:_Torque_teno_midi_virus_isolate_SAfiA-866-530_ORF1_gene,_complete_cds
930	2612	 0.467	MN777109.1_MAG:_Torque_teno_midi_virus_isolate_SAfiA-644-33_ORF1_gene,_complete_cds
931	2983	 0.467	MN779260.1_MAG:_Torque_teno_midi_virus_isolate_SAfiA-8A-22_ORF1_gene,_complete_cds
932	2644	 0.467	MN777303.1_MAG:_Torque_teno_midi_virus_isolate_SAfiA-676-40_ORF1_gene,_complete_cds
933	2666	 0.467	MN775608.1_MAG:_Torque_teno_midi_virus_isolate_SAfiA-578-41_ORF1_gene,_complete_cds
934	2642	 0.467	MN780086.1_MAG:_Torque_teno_midi_virus_isolate_SAfiA-61-30_ORF1_gene,_complete_cds
935	2501	 0.467	MN777541.1_MAG:_Torque_teno_midi_virus_isolate_SAfiA-346-161_ORF1_gene,_complete_cds
936	2629	 0.466	MN775577.1_MAG:_Torque_teno_midi_virus_isolate_SAfiA-87-85_ORF1_gene,_complete_cds
937	2650	 0.466	MN777029.1_MAG:_Torque_teno_midi_virus_isolate_SAfiA-401-38_ORF1_gene,_complete_cds
938	2620	 0.466	MN778517.1_MAG:_Torque_teno_midi_virus_isolate_SAfiA-369-55_ORF1_gene,_complete_cds
939	2544	 0.466	MN777976.1_MAG:_Torque_teno_midi_virus_isolate_SAfiA-234-48_ORF1_gene,_complete_cds
940	2742	 0.465	MN777150.1_MAG:_Torque_teno_midi_virus_isolate_SAfiA-91-31_ORF1_gene,_complete_cds
941	2621	 0.465	MN780301.1_MAG:_Torque_teno_midi_virus_isolate_SAfiA-611-246_ORF1_gene,_complete_cds
942	2493	 0.465	MN779366.1_MAG:_Torque_teno_midi_virus_isolate_SAfiA-380-200_ORF1_gene,_complete_cds
943	2535	 0.465	MN776003.1_MAG:_Torque_teno_midi_virus_isolate_SAfiA-38-15_ORF1_gene,_complete_cds
944	2501	 0.465	MN779376.1_MAG:_Torque_teno_midi_virus_isolate_SAfiA-511-28_ORF1_gene,_complete_cds
945	2664	 0.465	MN778813.1_MAG:_Torque_teno_midi_virus_isolate_SAfiA-61-24_ORF1_gene,_complete_cds
946	2643	 0.465	MN780197.1_MAG:_Torque_teno_midi_virus_isolate_SAfiA-341-22_ORF1_gene,_complete_cds
947	2664	 0.464	MN768817.1_MAG:_Torque_teno_mini_virus_isolate_SAfiA-94-50,_complete_ORF1
948	2543	 0.464	MN780001.1_MAG:_Torque_teno_midi_virus_isolate_SAfiA-642-75_ORF1_gene,_complete_cds
949	2611	 0.464	MN775308.1_MAG:_Torque_teno_midi_virus_isolate_SAfiA-868-38_ORF1_gene,_complete_cds
950	2619	 0.464	MN778484.1_MAG:_Torque_teno_midi_virus_isolate_SAfiA-254-77_ORF1_gene,_complete_cds
951	2589	 0.464	MN777260.1_MAG:_Torque_teno_midi_virus_isolate_SAfiA-590-165_ORF1_gene,_complete_cds
952	2659	 0.464	MN778731.1_MAG:_Torque_teno_midi_virus_isolate_SAfiA-388-223_ORF1_gene,_complete_cds
953	2519	 0.464	MN779430.1_MAG:_Torque_teno_midi_virus_isolate_SAfiA-349-78_ORF1_gene,_complete_cds
954	2530	 0.464	MN778802.1_MAG:_Torque_teno_midi_virus_isolate_SAfiA-594-124_ORF1_gene,_complete_cds
955	2850	 0.463	MN770817.1_MAG:_TTV-like_mini_virus_isolate_SAfiA-35-56,_complete_genome
956	2562	 0.463	MN777052.1_MAG:_Torque_teno_midi_virus_isolate_SAfiA-51-45_ORF1_gene,_complete_cds
957	2676	 0.463	MN768619.1_MAG:_Torque_teno_mini_virus_isolate_SAfiA-687-25,_complete_ORF1
958	2640	 0.463	MN777426.1_MAG:_Torque_teno_midi_virus_isolate_SAfiA-55-28_ORF1_gene,_complete_cds
959	2496	 0.462	MN775446.1_MAG:_Torque_teno_midi_virus_isolate_SAfiA-587-328_ORF1_gene,_complete_cds
960	2593	 0.462	MN775989.1_MAG:_Torque_teno_midi_virus_isolate_SAfiA-334-54_ORF1_gene,_complete_cds
961	2751	 0.462	MN778082.1_MAG:_Torque_teno_midi_virus_isolate_SAfiA-275-68_ORF1_gene,_complete_cds
962	2598	 0.462	MN775237.1_MAG:_Torque_teno_midi_virus_isolate_SAfiA-37-19_ORF1_gene,_complete_cds
963	2892	 0.462	MN771093.1_MAG:_TTV-like_mini_virus_isolate_SAfiA-304-11,_complete_genome
964	2653	 0.462	MN777855.1_MAG:_Torque_teno_midi_virus_isolate_SAfiA-611-226_ORF1_gene,_complete_cds
965	2298	 0.462	MN777545.1_MAG:_Torque_teno_midi_virus_isolate_SAfiA-346-209_ORF1_gene,_complete_cds
966	2768	 0.462	MN770500.1_MAG:_TTV-like_mini_virus_isolate_SAfiA-265-23,_complete_genome
967	2622	 0.462	MN780217.1_MAG:_Torque_teno_midi_virus_isolate_SAfiA-380-138_ORF1_gene,_complete_cds
968	2785	 0.462	MN778689.1_MAG:_Torque_teno_midi_virus_isolate_SAfiA-334-20_ORF1_gene,_complete_cds
969	2565	 0.462	MN777114.1_MAG:_Torque_teno_midi_virus_isolate_SAfiA-659-45_ORF1_gene,_complete_cds
970	2635	 0.461	MN775503.1_MAG:_Torque_teno_midi_virus_isolate_SAfiA-254-65_ORF1_gene,_complete_cds
971	2500	 0.460	MN777775.1_MAG:_Torque_teno_midi_virus_isolate_SAfiA-33-65_ORF1_gene,_complete_cds
972	2632	 0.460	MN779835.1_MAG:_Torque_teno_midi_virus_isolate_SAfiA-393-42_ORF1_gene,_complete_cds
973	2883	 0.460	MN770826.1_MAG:_TTV-like_mini_virus_isolate_SAfiA-539-7,_complete_genome
974	2550	 0.460	MN779881.1_MAG:_Torque_teno_midi_virus_isolate_SAfiA-98-25_ORF1_gene,_complete_cds
975	2524	 0.460	MN776747.1_MAG:_Torque_teno_midi_virus_isolate_SAfiA-51-48_ORF1_gene,_complete_cds
976	2634	 0.460	MZ286072.1_Anelloviridae_sp._isolate_SP26_C3,_complete_genome
977	2565	 0.460	MN775746.1_MAG:_Torque_teno_midi_virus_isolate_SAfiA-319-68_ORF1_gene,_complete_cds
978	2585	 0.460	MN780092.1_MAG:_Torque_teno_midi_virus_isolate_SAfiA-651-58_ORF1_gene,_complete_cds
979	2539	 0.460	MN778219.1_MAG:_Torque_teno_midi_virus_isolate_SAfiA-380-182_ORF1_gene,_complete_cds
980	2556	 0.460	MN780002.1_MAG:_Torque_teno_midi_virus_isolate_SAfiA-648-4_ORF1_gene,_complete_cds
981	2685	 0.460	MN775356.1_MAG:_Torque_teno_midi_virus_isolate_SAfiA-107-36_ORF1_gene,_complete_cds
982	2617	 0.459	MN780154.1_MAG:_Torque_teno_midi_virus_isolate_SAfiA-11-59_ORF1_gene,_complete_cds
983	2634	 0.459	MN775163.1_MAG:_Torque_teno_midi_virus_isolate_SAfiA-51-37_ORF1_gene,_complete_cds
984	2575	 0.459	MN777707.1_MAG:_Torque_teno_midi_virus_isolate_SAfiA-665-9_ORF1_gene,_complete_cds
985	2622	 0.459	MN779463.1_MAG:_Torque_teno_midi_virus_isolate_SAfiA-810-87_ORF1_gene,_complete_cds
986	2928	 0.459	MN769443.1_MAG:_TTV-like_mini_virus_isolate_SAfiA-507-3,_complete_genome
987	2538	 0.459	MN776178.1_MAG:_Torque_teno_midi_virus_isolate_SAfiA-346-133_ORF1_gene,_complete_cds
988	2809	 0.458	MN779250.1_MAG:_Torque_teno_midi_virus_isolate_SAfiA-611-166_ORF1_gene,_complete_cds
989	2839	 0.458	MN769294.1_MAG:_TTV-like_mini_virus_isolate_SAfiA-376-28,_complete_genome
990	2659	 0.458	MN780320.1_MAG:_Torque_teno_midi_virus_isolate_SAfiA-663-9_ORF1_gene,_complete_cds
991	2664	 0.458	MN777605.1_MAG:_Torque_teno_midi_virus_isolate_SAfiA-53-5_ORF1_gene,_complete_cds
992	2633	 0.458	MN777265.1_MAG:_Torque_teno_midi_virus_isolate_SAfiA-622-14_ORF1_gene,_complete_cds
993	2620	 0.457	MN778931.1_MAG:_Torque_teno_midi_virus_isolate_SAfiA-621-16_ORF1_gene,_complete_cds
994	2627	 0.456	MN776267.1_MAG:_Torque_teno_midi_virus_isolate_SAfiA-388-244_ORF1_gene,_complete_cds
995	2699	 0.456	MN778850.1_MAG:_Torque_teno_midi_virus_isolate_SAfiA-724-9_ORF1_gene,_complete_cds
996	2656	 0.456	MN775246.1_MAG:_Torque_teno_midi_virus_isolate_SAfiA-440-20_ORF1_gene,_complete_cds
997	2811	 0.456	MN768637.1_MAG:_Torque_teno_mini_virus_isolate_SAfiA-70-22,_complete_ORF1
998	2928	 0.456	MN769078.1_MAG:_TTV-like_mini_virus_isolate_SAfiA-12A-2,_complete_genome
999	2688	 0.456	MN779508.1_MAG:_Torque_teno_midi_virus_isolate_SAfiA-569-69_ORF1_gene,_complete_cds
1000	2840	 0.455	MN770565.1_MAG:_TTV-like_mini_virus_isolate_SAfiA-352-14,_complete_genome
1001	2709	 0.455	MN779224.1_MAG:_Torque_teno_midi_virus_isolate_SAfiA-81-39_ORF1_gene,_complete_cds
1002	2625	 0.455	MN775998.1_MAG:_Torque_teno_midi_virus_isolate_SAfiA-373-27_ORF1_gene,_complete_cds
1003	2339	 0.455	MN780235.1_MAG:_Torque_teno_midi_virus_isolate_SAfiA-442-61_ORF1_gene,_complete_cds
1004	2644	 0.455	MN776716.1_MAG:_Torque_teno_midi_virus_isolate_SAfiA-768-11_ORF1_gene,_complete_cds
1005	2575	 0.455	MZ286137.1_Anelloviridae_sp._isolate_SP43_C10,_complete_genome
1006	2648	 0.455	MN775813.1_MAG:_Torque_teno_midi_virus_isolate_SAfiA-614-17_ORF1_gene,_complete_cds
1007	2706	 0.455	MN776410.1_MAG:_Torque_teno_midi_virus_isolate_SAfiA-541-26_ORF1_gene,_complete_cds
1008	2670	 0.454	MN779045.1_MAG:_Torque_teno_midi_virus_isolate_SAfiA-521-22_ORF1_gene,_complete_cds
1009	2793	 0.454	MN775757.1_MAG:_Torque_teno_midi_virus_isolate_SAfiA-512-10_ORF1_gene,_complete_cds
1010	2503	 0.454	MN776422.1_MAG:_Torque_teno_midi_virus_isolate_SAfiA-116-76_ORF1_gene,_complete_cds
1011	2530	 0.454	MN775294.1_MAG:_Torque_teno_midi_virus_isolate_SAfiA-710-40_ORF1_gene,_complete_cds
1012	2616	 0.454	MN775792.1_MAG:_Torque_teno_midi_virus_isolate_SAfiA-124-65_ORF1_gene,_complete_cds
1013	2648	 0.454	MN777614.1_MAG:_Torque_teno_midi_virus_isolate_SAfiA-569-76_ORF1_gene,_complete_cds
1014	2435	 0.454	MN779549.1_MAG:_Torque_teno_midi_virus_isolate_SAfiA-393-67_ORF1_gene,_complete_cds
1015	2709	 0.454	MN778454.1_MAG:_Torque_teno_midi_virus_isolate_SAfiA-777-21_ORF1_gene,_complete_cds
1016	2613	 0.454	MN776934.1_MAG:_Torque_teno_midi_virus_isolate_SAfiA-231-24_ORF1_gene,_complete_cds
1017	2431	 0.454	MN779668.1_MAG:_Torque_teno_midi_virus_isolate_SAfiA-380-216_ORF1_gene,_complete_cds
1018	2643	 0.453	MN775318.1_MAG:_Torque_teno_midi_virus_isolate_SAfiA-276-15_ORF1_gene,_complete_cds
1019	2586	 0.453	MN776540.1_MAG:_Torque_teno_midi_virus_isolate_SAfiA-484-19_ORF1_gene,_complete_cds
1020	2583	 0.453	MN775019.1_MAG:_Torque_teno_midi_virus_isolate_SAfiA-569-90_ORF1_gene,_complete_cds
1021	2691	 0.453	MN768585.1_MAG:_Torque_teno_mini_virus_isolate_SAfiA-665-5,_complete_ORF1
1022	2623	 0.453	MN777679.1_MAG:_Torque_teno_midi_virus_isolate_SAfiA-716-18_ORF1_gene,_complete_cds
1023	2655	 0.453	MN775381.1_MAG:_Torque_teno_midi_virus_isolate_SAfiA-51-34_ORF1_gene,_complete_cds
1024	2942	 0.452	MN779254.1_MAG:_Torque_teno_midi_virus_isolate_SAfiA-330-13_ORF1_gene,_complete_cds
1025	2589	 0.452	MN777257.1_MAG:_Torque_teno_midi_virus_isolate_SAfiA-571-30_ORF1_gene,_complete_cds
1026	2621	 0.452	MN777432.1_MAG:_Torque_teno_midi_virus_isolate_SAfiA-578-53_ORF1_gene,_complete_cds
1027	2599	 0.451	MN775229.1_MAG:_Torque_teno_midi_virus_isolate_SAfiA-346-103_ORF1_gene,_complete_cds
1028	2579	 0.451	MN777317.1_MAG:_Torque_teno_midi_virus_isolate_SAfiA-39-24_ORF1_gene,_complete_cds
1029	2644	 0.451	MN775598.1_MAG:_Torque_teno_midi_virus_isolate_SAfiA-396-22_ORF1_gene,_complete_cds
1030	2638	 0.451	MN779717.1_MAG:_Torque_teno_midi_virus_isolate_SAfiA-587-202_ORF1_gene,_complete_cds
1031	2625	 0.451	MN776469.1_MAG:_Torque_teno_midi_virus_isolate_SAfiA-595-54_ORF1_gene,_complete_cds
1032	2620	 0.450	MN779096.1_MAG:_Torque_teno_midi_virus_isolate_SAfiA-122-34_ORF1_gene,_complete_cds
1033	2642	 0.450	MN777053.1_MAG:_Torque_teno_midi_virus_isolate_SAfiA-517-12_ORF1_gene,_complete_cds
1034	2513	 0.450	MN776223.1_MAG:_Torque_teno_midi_virus_isolate_SAfiA-615-1089_ORF1_gene,_complete_cds
1035	2549	 0.450	MN780016.1_MAG:_Torque_teno_midi_virus_isolate_SAfiA-234-45_ORF1_gene,_complete_cds
1036	2629	 0.450	MN775670.1_MAG:_Torque_teno_midi_virus_isolate_SAfiA-577-215_ORF1_gene,_complete_cds
1037	2550	 0.450	MN775651.1_MAG:_Torque_teno_midi_virus_isolate_SAfiA-459-4_ORF1_gene,_complete_cds
1038	2603	 0.449	MN779521.1_MAG:_Torque_teno_midi_virus_isolate_SAfiA-797-47_ORF1_gene,_complete_cds
1039	2474	 0.449	MN776081.1_MAG:_Torque_teno_midi_virus_isolate_SAfiA-578-87_ORF1_gene,_complete_cds
1040	2619	 0.449	MN779586.1_MAG:_Torque_teno_midi_virus_isolate_SAfiA-517-8_ORF1_gene,_complete_cds
1041	2893	 0.449	MN770966.1_MAG:_TTV-like_mini_virus_isolate_SAfiA-231-8,_complete_genome
1042	2581	 0.449	MN778973.1_MAG:_Torque_teno_midi_virus_isolate_SAfiA-107-51_ORF1_gene,_complete_cds
1043	2500	 0.449	MN776360.1_MAG:_Torque_teno_midi_virus_isolate_SAfiA-242-120_ORF1_gene,_complete_cds
1044	2636	 0.449	MN775475.1_MAG:_Torque_teno_midi_virus_isolate_SAfiA-445-13_ORF1_gene,_complete_cds
1045	2542	 0.448	MN777318.1_MAG:_Torque_teno_midi_virus_isolate_SAfiA-398-41_ORF1_gene,_complete_cds
1046	2947	 0.448	MN770617.1_MAG:_TTV-like_mini_virus_isolate_SAfiA-398-15,_complete_genome
1047	2562	 0.448	MN776560.1_MAG:_Torque_teno_midi_virus_isolate_SAfiA-624-32_ORF1_gene,_complete_cds
1048	2505	 0.448	MN777308.1_MAG:_Torque_teno_midi_virus_isolate_SAfiA-248-30_ORF1_gene,_complete_cds
1049	2551	 0.448	MN776644.1_MAG:_Torque_teno_midi_virus_isolate_SAfiA-436-5_ORF1_gene,_complete_cds
1050	2624	 0.448	MN780143.1_MAG:_Torque_teno_midi_virus_isolate_SAfiA-684-18_ORF1_gene,_complete_cds
1051	2632	 0.448	MN780295.1_MAG:_Torque_teno_midi_virus_isolate_SAfiA-604-30_ORF1_gene,_complete_cds
1052	2562	 0.448	MN779071.1_MAG:_Torque_teno_midi_virus_isolate_SAfiA-453-25_ORF1_gene,_complete_cds
1053	2918	 0.448	MN769036.1_MAG:_TTV-like_mini_virus_isolate_SAfiA-104-10,_complete_genome
1054	2737	 0.448	MN778634.1_MAG:_Torque_teno_midi_virus_isolate_SAfiA-122-24_ORF1_gene,_complete_cds
1055	2604	 0.448	MN778390.1_MAG:_Torque_teno_midi_virus_isolate_SAfiA-358-16_ORF1_gene,_complete_cds
1056	2506	 0.447	MN779499.1_MAG:_Torque_teno_midi_virus_isolate_SAfiA-394-26_ORF1_gene,_complete_cds
1057	2523	 0.447	MN778799.1_MAG:_Torque_teno_midi_virus_isolate_SAfiA-591-24_ORF1_gene,_complete_cds
1058	2637	 0.447	MN777074.1_MAG:_Torque_teno_midi_virus_isolate_SAfiA-58-8_ORF1_gene,_complete_cds
1059	2564	 0.447	MN777975.1_MAG:_Torque_teno_midi_virus_isolate_SAfiA-229-15_ORF1_gene,_complete_cds
1060	2536	 0.447	MN776499.1_MAG:_Torque_teno_midi_virus_isolate_SAfiA-127-34_ORF1_gene,_complete_cds
1061	2635	 0.447	MN776011.1_MAG:_Torque_teno_midi_virus_isolate_SAfiA-482-16_ORF1_gene,_complete_cds
1062	2113	 0.447	MN777748.1_MAG:_Torque_teno_midi_virus_isolate_SAfiA-250-32_ORF1_gene,_complete_cds
1063	2911	 0.447	MN769815.1_MAG:_TTV-like_mini_virus_isolate_SAfiA-89-5,_complete_genome
1064	2570	 0.446	MN778883.1_MAG:_Torque_teno_midi_virus_isolate_SAfiA-87-100_ORF1_gene,_complete_cds
1065	2451	 0.446	MN777120.1_MAG:_Torque_teno_midi_virus_isolate_SAfiA-68-27_ORF1_gene,_complete_cds
1066	2617	 0.446	MN778154.1_MAG:_Torque_teno_midi_virus_isolate_SAfiA-106A-40_ORF1_gene,_complete_cds
1067	2614	 0.446	MN777549.1_MAG:_Torque_teno_midi_virus_isolate_SAfiA-35-127_ORF1_gene,_complete_cds
1068	2659	 0.446	MN778164.1_MAG:_Torque_teno_midi_virus_isolate_SAfiA-231-19_ORF1_gene,_complete_cds
1069	2663	 0.446	MN768858.1_MAG:_Torque_teno_mini_virus_isolate_SAfiA-234-25,_complete_ORF1
1070	2937	 0.446	MN769362.1_MAG:_TTV-like_mini_virus_isolate_SAfiA-412-7,_complete_genome
1071	2628	 0.445	MN776630.1_MAG:_Torque_teno_midi_virus_isolate_SAfiA-353-88_ORF1_gene,_complete_cds
1072	2910	 0.445	MN771472.1_MAG:_TTV-like_mini_virus_isolate_SAfiA-595-13,_complete_genome
1073	2917	 0.445	MN770320.1_MAG:_TTV-like_mini_virus_isolate_SAfiA-55-16,_complete_genome
1074	2586	 0.445	MN775642.1_MAG:_Torque_teno_midi_virus_isolate_SAfiA-369-65_ORF1_gene,_complete_cds
1075	2531	 0.445	MN775602.1_MAG:_Torque_teno_midi_virus_isolate_SAfiA-507-11_ORF1_gene,_complete_cds
1076	2604	 0.445	MN775498.1_MAG:_Torque_teno_midi_virus_isolate_SAfiA-119-20_ORF1_gene,_complete_cds
1077	2851	 0.445	MN777001.1_MAG:_Torque_teno_midi_virus_isolate_SAfiA-369-49_ORF1_gene,_complete_cds
1078	2963	 0.444	MN769311.1_MAG:_TTV-like_mini_virus_isolate_SAfiA-382-4,_complete_genome
1079	2557	 0.444	MN777878.1_MAG:_Torque_teno_midi_virus_isolate_SAfiA-710-34_ORF1_gene,_complete_cds
1080	2566	 0.444	MN777212.1_MAG:_Torque_teno_midi_virus_isolate_SAfiA-577-245_ORF1_gene,_complete_cds
1081	2496	 0.444	MN778643.1_MAG:_Torque_teno_midi_virus_isolate_SAfiA-127-43_ORF1_gene,_complete_cds
1082	2628	 0.444	MN775423.1_MAG:_Torque_teno_midi_virus_isolate_SAfiA-376-64_ORF1_gene,_complete_cds
1083	2504	 0.444	MN779409.1_MAG:_Torque_teno_midi_virus_isolate_SAfiA-87-113_ORF1_gene,_complete_cds
1084	2884	 0.444	MN769277.1_MAG:_TTV-like_mini_virus_isolate_SAfiA-362-15,_complete_genome
1085	2937	 0.444	MN770338.1_MAG:_TTV-like_mini_virus_isolate_SAfiA-235-21,_complete_genome
1086	2510	 0.444	MN777987.1_MAG:_Torque_teno_midi_virus_isolate_SAfiA-274-60_ORF1_gene,_complete_cds
1087	3086	 0.443	MN774953.1_MAG:_Torque_teno_midi_virus_isolate_SAfiA-525-8,_complete_genome
1088	3006	 0.443	MN769336.1_MAG:_TTV-like_mini_virus_isolate_SAfiA-392-16,_complete_genome
1089	2684	 0.443	MN779728.1_MAG:_Torque_teno_midi_virus_isolate_SAfiA-60-14_ORF1_gene,_complete_cds
1090	2848	 0.443	MN770976.1_MAG:_TTV-like_mini_virus_isolate_SAfiA-326-18,_complete_genome
1091	2611	 0.443	MN777465.1_MAG:_Torque_teno_midi_virus_isolate_SAfiA-679-27_ORF1_gene,_complete_cds
1092	2589	 0.443	MN778486.1_MAG:_Torque_teno_midi_virus_isolate_SAfiA-254-92_ORF1_gene,_complete_cds
1093	2432	 0.443	MN777963.1_MAG:_Torque_teno_midi_virus_isolate_SAfiA-842-22_ORF1_gene,_complete_cds
1094	2903	 0.443	MN771500.1_MAG:_TTV-like_mini_virus_isolate_SAfiA-766-286,_complete_genome
1095	2884	 0.442	MN769614.1_MAG:_TTV-like_mini_virus_isolate_SAfiA-6-14,_complete_genome
1096	2612	 0.442	MN777274.1_MAG:_Torque_teno_midi_virus_isolate_SAfiA-799-9_ORF1_gene,_complete_cds
1097	2742	 0.442	MN775615.1_MAG:_Torque_teno_midi_virus_isolate_SAfiA-630A-31_ORF1_gene,_complete_cds
1098	2506	 0.442	MN776288.1_MAG:_Torque_teno_midi_virus_isolate_SAfiA-593-73_ORF1_gene,_complete_cds
1099	2638	 0.442	MN778947.1_MAG:_Torque_teno_midi_virus_isolate_SAfiA-764-2_ORF1_gene,_complete_cds
1100	2608	 0.442	MN775686.1_MAG:_Torque_teno_midi_virus_isolate_SAfiA-647-18_ORF1_gene,_complete_cds
1101	2679	 0.441	MN779600.1_MAG:_Torque_teno_midi_virus_isolate_SAfiA-11-48_ORF1_gene,_complete_cds
1102	2628	 0.441	MN778574.1_MAG:_Torque_teno_midi_virus_isolate_SAfiA-626-42_ORF1_gene,_complete_cds
1103	2568	 0.441	MN775653.1_MAG:_Torque_teno_midi_virus_isolate_SAfiA-475-38_ORF1_gene,_complete_cds
1104	2630	 0.441	MN775286.1_MAG:_Torque_teno_midi_virus_isolate_SAfiA-659-35_ORF1_gene,_complete_cds
1105	2640	 0.441	MN777024.1_MAG:_Torque_teno_midi_virus_isolate_SAfiA-390-20_ORF1_gene,_complete_cds
1106	2871	 0.441	MN769643.1_MAG:_TTV-like_mini_virus_isolate_SAfiA-642-33,_complete_genome
1107	2563	 0.441	MN777466.1_MAG:_Torque_teno_midi_virus_isolate_SAfiA-684-25_ORF1_gene,_complete_cds
1108	2568	 0.441	MN777644.1_MAG:_Torque_teno_midi_virus_isolate_SAfiA-5A-38_ORF1_gene,_complete_cds
1109	2591	 0.441	MN777248.1_MAG:_Torque_teno_midi_virus_isolate_SAfiA-396-33_ORF1_gene,_complete_cds
1110	2502	 0.441	MN777749.1_MAG:_Torque_teno_midi_virus_isolate_SAfiA-254-123_ORF1_gene,_complete_cds
1111	2665	 0.440	MN776040.1_MAG:_Torque_teno_midi_virus_isolate_SAfiA-681-12_ORF1_gene,_complete_cds
1112	2591	 0.440	MN779982.1_MAG:_Torque_teno_midi_virus_isolate_SAfiA-401-47_ORF1_gene,_complete_cds
1113	2714	 0.440	MN780397.1_MAG:_Torque_teno_midi_virus_isolate_SAfiA-484-13_ORF1_gene,_complete_cds
1114	2909	 0.440	MN770897.1_MAG:_TTV-like_mini_virus_isolate_SAfiA-421-14,_complete_genome
1115	2166	 0.440	OL694832.1_Torque_teno_mini_virus_10_isolate_TTMV-AMS-S2-08_ORF1_gene,_complete_cds
1116	2973	 0.440	MN770295.1_MAG:_TTV-like_mini_virus_isolate_SAfiA-319-5,_complete_genome
1117	2815	 0.440	MN768629.1_MAG:_Torque_teno_mini_virus_isolate_SAfiA-699-15,_complete_ORF1
1118	7550	 0.440	MH118087.1_Coxsackievirus_A10_strain_09-1996-1,_complete_genome
1119	2560	 0.440	MN777247.1_MAG:_Torque_teno_midi_virus_isolate_SAfiA-393-55_ORF1_gene,_complete_cds
1120	2626	 0.440	MN776835.1_MAG:_Torque_teno_midi_virus_isolate_SAfiA-578-50_ORF1_gene,_complete_cds
1121	2901	 0.439	MN770612.1_MAG:_TTV-like_mini_virus_isolate_SAfiA-388-94,_complete_genome
1122	2657	 0.439	MN777692.1_MAG:_Torque_teno_midi_virus_isolate_SAfiA-91-34_ORF1_gene,_complete_cds
1123	2664	 0.439	MN777717.1_MAG:_Torque_teno_midi_virus_isolate_SAfiA-11-51_ORF1_gene,_complete_cds
1124	2883	 0.439	MN770332.1_MAG:_TTV-like_mini_virus_isolate_SAfiA-791-116,_complete_genome
1125	2560	 0.439	MN777472.1_MAG:_Torque_teno_midi_virus_isolate_SAfiA-768-15_ORF1_gene,_complete_cds
1126	2742	 0.439	MN779091.1_MAG:_Torque_teno_midi_virus_isolate_SAfiA-113-15_ORF1_gene,_complete_cds
1127	2638	 0.439	MN777682.1_MAG:_Torque_teno_midi_virus_isolate_SAfiA-777-27_ORF1_gene,_complete_cds
1128	2419	 0.438	MN776496.1_MAG:_Torque_teno_midi_virus_isolate_SAfiA-119-31_ORF1_gene,_complete_cds
1129	2611	 0.438	MN779275.1_MAG:_Torque_teno_midi_virus_isolate_SAfiA-859-31_ORF1_gene,_complete_cds
1130	2923	 0.438	MN769483.1_MAG:_TTV-like_mini_virus_isolate_SAfiA-55-11,_complete_genome
1131	2779	 0.438	MN777146.1_MAG:_Torque_teno_midi_virus_isolate_SAfiA-869-3_ORF1_gene,_complete_cds
1132	2599	 0.438	MN776510.1_MAG:_Torque_teno_midi_virus_isolate_SAfiA-245-38_ORF1_gene,_complete_cds
1133	2658	 0.437	MN777137.1_MAG:_Torque_teno_midi_virus_isolate_SAfiA-810-81_ORF1_gene,_complete_cds
1134	2606	 0.437	MN776174.1_MAG:_Torque_teno_midi_virus_isolate_SAfiA-332-23_ORF1_gene,_complete_cds
1135	2982	 0.437	MN770637.1_MAG:_TTV-like_mini_virus_isolate_SAfiA-468-5,_complete_genome
1136	2897	 0.437	MN769093.1_MAG:_TTV-like_mini_virus_isolate_SAfiA-230-11,_complete_genome
1137	2612	 0.437	MN778347.1_MAG:_Torque_teno_midi_virus_isolate_SAfiA-10-27_ORF1_gene,_complete_cds
1138	2493	 0.437	MN776420.1_MAG:_Torque_teno_midi_virus_isolate_SAfiA-106A-54_ORF1_gene,_complete_cds
1139	2633	 0.437	MN768923.1_MAG:_Torque_teno_mini_virus_isolate_SAfiA-254-64,_complete_ORF1
1140	2631	 0.437	MN775568.1_MAG:_Torque_teno_midi_virus_isolate_SAfiA-700-9_ORF1_gene,_complete_cds
1141	2551	 0.436	MN780308.1_MAG:_Torque_teno_midi_virus_isolate_SAfiA-616-47_ORF1_gene,_complete_cds
1142	2612	 0.436	MN775960.1_MAG:_Torque_teno_midi_virus_isolate_SAfiA-111-12_ORF1_gene,_complete_cds
1143	2422	 0.436	MN779582.1_MAG:_Torque_teno_midi_virus_isolate_SAfiA-352-46_ORF1_gene,_complete_cds
1144	2883	 0.436	MN770996.1_MAG:_TTV-like_mini_virus_isolate_SAfiA-390-9,_complete_genome
1145	2644	 0.436	MN779913.1_MAG:_Torque_teno_midi_virus_isolate_SAfiA-106A-34_ORF1_gene,_complete_cds
1146	2501	 0.436	MN776620.1_MAG:_Torque_teno_midi_virus_isolate_SAfiA-319-86_ORF1_gene,_complete_cds
1147	2612	 0.436	MN779986.1_MAG:_Torque_teno_midi_virus_isolate_SAfiA-450-24_ORF1_gene,_complete_cds
1148	2486	 0.436	MN777881.1_MAG:_Torque_teno_midi_virus_isolate_SAfiA-789-30_ORF1_gene,_complete_cds
1149	2523	 0.435	MN777483.1_MAG:_Torque_teno_midi_virus_isolate_SAfiA-109-10_ORF1_gene,_complete_cds
1150	2493	 0.435	MN776421.1_MAG:_Torque_teno_midi_virus_isolate_SAfiA-106B-55_ORF1_gene,_complete_cds
1151	2598	 0.435	MN777704.1_MAG:_Torque_teno_midi_virus_isolate_SAfiA-569-86_ORF1_gene,_complete_cds
1152	2553	 0.435	MN780220.1_MAG:_Torque_teno_midi_virus_isolate_SAfiA-388-284_ORF1_gene,_complete_cds
1153	2623	 0.434	MN779383.1_MAG:_Torque_teno_midi_virus_isolate_SAfiA-573-61_ORF1_gene,_complete_cds
1154	2634	 0.434	MN779148.1_MAG:_Torque_teno_midi_virus_isolate_SAfiA-349-73_ORF1_gene,_complete_cds
1155	2609	 0.434	MN776900.1_MAG:_Torque_teno_midi_virus_isolate_SAfiA-393-45_ORF1_gene,_complete_cds
1156	2554	 0.434	MN779519.1_MAG:_Torque_teno_midi_virus_isolate_SAfiA-70-48_ORF1_gene,_complete_cds
1157	2635	 0.434	MN777103.1_MAG:_Torque_teno_midi_virus_isolate_SAfiA-628-68_ORF1_gene,_complete_cds
1158	2911	 0.433	MN770609.1_MAG:_TTV-like_mini_virus_isolate_SAfiA-388-80,_complete_genome
1159	2572	 0.433	MN779527.1_MAG:_Torque_teno_midi_virus_isolate_SAfiA-130-31_ORF1_gene,_complete_cds
1160	2672	 0.433	MN776817.1_MAG:_Torque_teno_midi_virus_isolate_SAfiA-453-19_ORF1_gene,_complete_cds
1161	2903	 0.433	MN769330.1_MAG:_TTV-like_mini_virus_isolate_SAfiA-388-90,_complete_genome
1162	2910	 0.433	MN776568.1_MAG:_Torque_teno_midi_virus_isolate_SAfiA-705-3_ORF1_gene,_complete_cds
1163	2552	 0.433	MN775658.1_MAG:_Torque_teno_midi_virus_isolate_SAfiA-494-16_ORF1_gene,_complete_cds
1164	2651	 0.433	MN777477.1_MAG:_Torque_teno_midi_virus_isolate_SAfiA-856-447_ORF1_gene,_complete_cds
1165	2660	 0.433	MN779766.1_MAG:_Torque_teno_midi_virus_isolate_SAfiA-70-33_ORF1_gene,_complete_cds
1166	2661	 0.433	MN777913.1_MAG:_Torque_teno_midi_virus_isolate_SAfiA-587-183_ORF1_gene,_complete_cds
1167	3089	 0.432	MN776046.1_MAG:_Torque_teno_midi_virus_isolate_SAfiA-790-13_ORF1_gene,_complete_cds
1168	2844	 0.432	MN769353.1_MAG:_TTV-like_mini_virus_isolate_SAfiA-402-21,_complete_genome
1169	2598	 0.432	MN779354.1_MAG:_Torque_teno_midi_virus_isolate_SAfiA-319-51_ORF1_gene,_complete_cds
1170	2483	 0.432	MN775447.1_MAG:_Torque_teno_midi_virus_isolate_SAfiA-587-333_ORF1_gene,_complete_cds
1171	2789	 0.432	MN770846.1_MAG:_TTV-like_mini_virus_isolate_SAfiA-873-43,_complete_genome
1172	2991	 0.432	MN774980.1_MAG:_Torque_teno_midi_virus_isolate_SAfiA-429-7,_complete_genome
1173	2519	 0.432	MN777322.1_MAG:_Torque_teno_midi_virus_isolate_SAfiA-500-102_ORF1_gene,_complete_cds
1174	2619	 0.432	MN775635.1_MAG:_Torque_teno_midi_virus_isolate_SAfiA-297-135_ORF1_gene,_complete_cds
1175	2645	 0.432	MN775271.1_MAG:_Torque_teno_midi_virus_isolate_SAfiA-584-27_ORF1_gene,_complete_cds
1176	2691	 0.431	MN775610.1_MAG:_Torque_teno_midi_virus_isolate_SAfiA-589-32_ORF1_gene,_complete_cds
1177	2581	 0.431	MN778506.1_MAG:_Torque_teno_midi_virus_isolate_SAfiA-346-114_ORF1_gene,_complete_cds
1178	2574	 0.431	MN780182.1_MAG:_Torque_teno_midi_virus_isolate_SAfiA-274-55_ORF1_gene,_complete_cds
1179	2648	 0.431	MN777546.1_MAG:_Torque_teno_midi_virus_isolate_SAfiA-346-80_ORF1_gene,_complete_cds
1180	2722	 0.431	MN775649.1_MAG:_Torque_teno_midi_virus_isolate_SAfiA-442-21_ORF1_gene,_complete_cds
1181	2491	 0.431	MN780173.1_MAG:_Torque_teno_midi_virus_isolate_SAfiA-254-131_ORF1_gene,_complete_cds
1182	2506	 0.431	MN775660.1_MAG:_Torque_teno_midi_virus_isolate_SAfiA-511-27_ORF1_gene,_complete_cds
1183	2716	 0.431	MN775861.1_MAG:_Torque_teno_midi_virus_isolate_SAfiA-549-6_ORF1_gene,_complete_cds
1184	2699	 0.431	MN775184.1_MAG:_Torque_teno_midi_virus_isolate_SAfiA-662-16_ORF1_gene,_complete_cds
1185	2583	 0.431	MN776007.1_MAG:_Torque_teno_midi_virus_isolate_SAfiA-403-19_ORF1_gene,_complete_cds
1186	2713	 0.431	MN779733.1_MAG:_Torque_teno_midi_virus_isolate_SAfiA-611-207_ORF1_gene,_complete_cds
1187	2457	 0.430	MN777491.1_MAG:_Torque_teno_midi_virus_isolate_SAfiA-231-30_ORF1_gene,_complete_cds
1188	2885	 0.430	MN769394.1_MAG:_TTV-like_mini_virus_isolate_SAfiA-453-8,_complete_genome
1189	2687	 0.430	MN768873.1_MAG:_Torque_teno_mini_virus_isolate_SAfiA-238-22,_complete_ORF1
1190	2815	 0.430	MN777964.1_MAG:_Torque_teno_midi_virus_isolate_SAfiA-87-79_ORF1_gene,_complete_cds
1191	2559	 0.430	MN776043.1_MAG:_Torque_teno_midi_virus_isolate_SAfiA-684-28_ORF1_gene,_complete_cds
1192	2499	 0.430	MN776757.1_MAG:_Torque_teno_midi_virus_isolate_SAfiA-651-76_ORF1_gene,_complete_cds
1193	2630	 0.429	MN775713.1_MAG:_Torque_teno_midi_virus_isolate_SAfiA-388-242_ORF1_gene,_complete_cds
1194	2824	 0.429	MN771217.1_MAG:_TTV-like_mini_virus_isolate_SAfiA-11-32,_complete_genome
1195	2310	 0.429	MN776095.1_MAG:_Torque_teno_midi_virus_isolate_SAfiA-842-23_ORF1_gene,_complete_cds
1196	2856	 0.429	MN769427.1_MAG:_TTV-like_mini_virus_isolate_SAfiA-488-7,_complete_genome
1197	2963	 0.429	MZ286153.1_Anelloviridae_sp._isolate_SP46_C3,_complete_genome
1198	2735	 0.429	MN777938.1_MAG:_Torque_teno_midi_virus_isolate_SAfiA-590-87_ORF1_gene,_complete_cds
1199	2673	 0.429	MN778166.1_MAG:_Torque_teno_midi_virus_isolate_SAfiA-234-20_ORF1_gene,_complete_cds
1200	2860	 0.429	MN770843.1_MAG:_TTV-like_mini_virus_isolate_SAfiA-572-28,_complete_genome
1201	2799	 0.429	MN770948.1_MAG:_TTV-like_mini_virus_isolate_SAfiA-543-57,_complete_genome
1202	2823	 0.428	MN769504.1_MAG:_TTV-like_mini_virus_isolate_SAfiA-567-22,_complete_genome
1203	2617	 0.428	MN779362.1_MAG:_Torque_teno_midi_virus_isolate_SAfiA-361-64_ORF1_gene,_complete_cds
1204	2637	 0.428	MN779515.1_MAG:_Torque_teno_midi_virus_isolate_SAfiA-621-12_ORF1_gene,_complete_cds
1205	2708	 0.428	MN778975.1_MAG:_Torque_teno_midi_virus_isolate_SAfiA-11-46_ORF1_gene,_complete_cds
1206	2839	 0.428	MN771075.1_MAG:_TTV-like_mini_virus_isolate_SAfiA-77-119,_complete_genome
1207	2617	 0.428	MN775512.1_MAG:_Torque_teno_midi_virus_isolate_SAfiA-319-43_ORF1_gene,_complete_cds
1208	2901	 0.428	MN770085.1_MAG:_TTV-like_mini_virus_isolate_SAfiA-542-35,_complete_genome
1209	2450	 0.428	MN779969.1_MAG:_Torque_teno_midi_virus_isolate_SAfiA-127-47_ORF1_gene,_complete_cds
1210	2736	 0.427	MN775823.1_MAG:_Torque_teno_midi_virus_isolate_SAfiA-95A-15_ORF1_gene,_complete_cds
1211	2661	 0.427	MN768909.1_MAG:_Torque_teno_mini_virus_isolate_SAfiA-252-20,_complete_ORF1
1212	2596	 0.427	MN775745.1_MAG:_Torque_teno_midi_virus_isolate_SAfiA-319-52_ORF1_gene,_complete_cds
1213	2582	 0.427	MN777277.1_MAG:_Torque_teno_midi_virus_isolate_SAfiA-858-136_ORF1_gene,_complete_cds
1214	2669	 0.427	MN777214.1_MAG:_Torque_teno_midi_virus_isolate_SAfiA-587-177_ORF1_gene,_complete_cds
1215	2616	 0.427	MN779848.1_MAG:_Torque_teno_midi_virus_isolate_SAfiA-556-34_ORF1_gene,_complete_cds
1216	2690	 0.426	MN779374.1_MAG:_Torque_teno_midi_virus_isolate_SAfiA-502-30_ORF1_gene,_complete_cds
1217	2569	 0.426	MN777238.1_MAG:_Torque_teno_midi_virus_isolate_SAfiA-319-66_ORF1_gene,_complete_cds
1218	2898	 0.426	MN771082.1_MAG:_TTV-like_mini_virus_isolate_SAfiA-124-23,_complete_genome
1219	2507	 0.426	MN776856.1_MAG:_Torque_teno_midi_virus_isolate_SAfiA-611-296_ORF1_gene,_complete_cds
1220	2742	 0.426	MN775984.1_MAG:_Torque_teno_midi_virus_isolate_SAfiA-314-27_ORF1_gene,_complete_cds
1221	2607	 0.425	MN779415.1_MAG:_Torque_teno_midi_virus_isolate_SAfiA-234-37_ORF1_gene,_complete_cds
1222	2560	 0.425	MN775176.1_MAG:_Torque_teno_midi_virus_isolate_SAfiA-604-49_ORF1_gene,_complete_cds
1223	2615	 0.425	MN776001.1_MAG:_Torque_teno_midi_virus_isolate_SAfiA-380-143_ORF1_gene,_complete_cds
1224	2654	 0.425	MN775262.1_MAG:_Torque_teno_midi_virus_isolate_SAfiA-536-17_ORF1_gene,_complete_cds
1225	2634	 0.425	MN777738.1_MAG:_Torque_teno_midi_virus_isolate_SAfiA-231-21_ORF1_gene,_complete_cds
1226	2636	 0.425	MN779466.1_MAG:_Torque_teno_midi_virus_isolate_SAfiA-863-17_ORF1_gene,_complete_cds
1227	2627	 0.425	MN779410.1_MAG:_Torque_teno_midi_virus_isolate_SAfiA-888-15_ORF1_gene,_complete_cds
1228	2608	 0.425	MN779935.1_MAG:_Torque_teno_midi_virus_isolate_SAfiA-453-21_ORF1_gene,_complete_cds
1229	2543	 0.425	MN778145.1_MAG:_Torque_teno_midi_virus_isolate_SAfiA-701-19_ORF1_gene,_complete_cds
1230	2702	 0.425	MN779795.1_MAG:_Torque_teno_midi_virus_isolate_SAfiA-99-28_ORF1_gene,_complete_cds
1231	2420	 0.425	MN780115.1_MAG:_Torque_teno_midi_virus_isolate_SAfiA-242-132_ORF1_gene,_complete_cds
1232	2663	 0.425	MN769024.1_MAG:_Torque_teno_mini_virus_isolate_SAfiA-300-28,_complete_ORF1
1233	4452	 0.424	KT868814.1_Cutavirus_strain_FR-D_NS1,_putative_VP1,_hypothetical_protein,_VP2,_and_hypothetical_protein_genes,_complete_cds
1234	2612	 0.424	MN776867.1_MAG:_Torque_teno_midi_virus_isolate_SAfiA-651-52_ORF1_gene,_complete_cds
1235	2702	 0.424	MN779003.1_MAG:_Torque_teno_midi_virus_isolate_SAfiA-611-210_ORF1_gene,_complete_cds
1236	2963	 0.424	MN769495.1_MAG:_TTV-like_mini_virus_isolate_SAfiA-566-15,_complete_genome
1237	2519	 0.424	MN775617.1_MAG:_Torque_teno_midi_virus_isolate_SAfiA-684-32_ORF1_gene,_complete_cds
1238	2603	 0.424	MN777805.1_MAG:_Torque_teno_midi_virus_isolate_SAfiA-400-18_ORF1_gene,_complete_cds
1239	2700	 0.423	MN778969.1_MAG:_Torque_teno_midi_virus_isolate_SAfiA-810-73_ORF1_gene,_complete_cds
1240	2664	 0.423	MN775007.1_MAG:_Torque_teno_midi_virus_isolate_SAfiA-616-37_ORF1_gene,_complete_cds
1241	2608	 0.423	MN778053.1_MAG:_Torque_teno_midi_virus_isolate_SAfiA-611-258_ORF1_gene,_complete_cds
1242	2990	 0.423	MN778866.1_MAG:_Torque_teno_midi_virus_isolate_SAfiA-796-9_ORF1_gene,_complete_cds
1243	2592	 0.422	MN779883.1_MAG:_Torque_teno_midi_virus_isolate_SAfiA-414-51_ORF1_gene,_complete_cds
1244	2773	 0.422	MN771450.1_MAG:_TTV-like_mini_virus_isolate_SAfiA-546-19,_complete_genome
1245	2608	 0.422	MN776671.1_MAG:_Torque_teno_midi_virus_isolate_SAfiA-587-233_ORF1_gene,_complete_cds
1246	2867	 0.422	OL694798.1_TTV-like_mini_virus_isolate_TTMV-AMS-S1-53_ORF1_gene,_complete_cds
1247	2678	 0.422	MN777027.1_MAG:_Torque_teno_midi_virus_isolate_SAfiA-396-20_ORF1_gene,_complete_cds
1248	2463	 0.422	MN776507.1_MAG:_Torque_teno_midi_virus_isolate_SAfiA-242-129_ORF1_gene,_complete_cds
1249	2641	 0.421	MN778791.1_MAG:_Torque_teno_midi_virus_isolate_SAfiA-577-211_ORF1_gene,_complete_cds
1250	2634	 0.421	MN776031.1_MAG:_Torque_teno_midi_virus_isolate_SAfiA-640-31_ORF1_gene,_complete_cds
1251	2744	 0.421	MN777811.1_MAG:_Torque_teno_midi_virus_isolate_SAfiA-429-16_ORF1_gene,_complete_cds
1252	2639	 0.421	MN776806.1_MAG:_Torque_teno_midi_virus_isolate_SAfiA-393-41_ORF1_gene,_complete_cds
1253	2516	 0.420	MN776361.1_MAG:_Torque_teno_midi_virus_isolate_SAfiA-331-58_ORF1_gene,_complete_cds
1254	2575	 0.420	MN777686.1_MAG:_Torque_teno_midi_virus_isolate_SAfiA-858-137_ORF1_gene,_complete_cds
1255	2601	 0.420	MN775284.1_MAG:_Torque_teno_midi_virus_isolate_SAfiA-651-54_ORF1_gene,_complete_cds
1256	2491	 0.420	MN775992.1_MAG:_Torque_teno_midi_virus_isolate_SAfiA-346-172_ORF1_gene,_complete_cds
1257	2614	 0.420	MN775629.1_MAG:_Torque_teno_midi_virus_isolate_SAfiA-242-75_ORF1_gene,_complete_cds
1258	2641	 0.420	MN776940.1_MAG:_Torque_teno_midi_virus_isolate_SAfiA-242-62_ORF1_gene,_complete_cds
1259	2535	 0.420	MN779584.1_MAG:_Torque_teno_midi_virus_isolate_SAfiA-482-19_ORF1_gene,_complete_cds
1260	2637	 0.420	MN775211.1_MAG:_Torque_teno_midi_virus_isolate_SAfiA-254-114_ORF1_gene,_complete_cds
1261	2659	 0.420	MN779371.1_MAG:_Torque_teno_midi_virus_isolate_SAfiA-402-52_ORF1_gene,_complete_cds
1262	2825	 0.419	MN775787.1_MAG:_Torque_teno_midi_virus_isolate_SAfiA-93-17_ORF1_gene,_complete_cds
1263	2605	 0.419	MN779845.1_MAG:_Torque_teno_midi_virus_isolate_SAfiA-500-81_ORF1_gene,_complete_cds
1264	2828	 0.419	MN776549.1_MAG:_Torque_teno_midi_virus_isolate_SAfiA-563-12_ORF1_gene,_complete_cds
1265	2655	 0.419	MN779693.1_MAG:_Torque_teno_midi_virus_isolate_SAfiA-478-42_ORF1_gene,_complete_cds
1266	2454	 0.419	MN779557.1_MAG:_Torque_teno_midi_virus_isolate_SAfiA-491-29_ORF1_gene,_complete_cds
1267	2514	 0.419	MN775911.1_MAG:_Torque_teno_midi_virus_isolate_SAfiA-297-153_ORF1_gene,_complete_cds
1268	2548	 0.419	MN775132.1_MAG:_Torque_teno_midi_virus_isolate_SAfiA-263-47_ORF1_gene,_complete_cds
1269	2552	 0.419	MN778370.1_MAG:_Torque_teno_midi_virus_isolate_SAfiA-298-26_ORF1_gene,_complete_cds
1270	2487	 0.419	MN775164.1_MAG:_Torque_teno_midi_virus_isolate_SAfiA-553-12_ORF1_gene,_complete_cds
1271	2621	 0.419	MN776675.1_MAG:_Torque_teno_midi_virus_isolate_SAfiA-590-149_ORF1_gene,_complete_cds
1272	2528	 0.419	MN778361.1_MAG:_Torque_teno_midi_virus_isolate_SAfiA-242-111_ORF1_gene,_complete_cds
1273	2601	 0.418	MN779965.1_MAG:_Torque_teno_midi_virus_isolate_SAfiA-87-91_ORF1_gene,_complete_cds
1274	2670	 0.418	MN777013.1_MAG:_Torque_teno_midi_virus_isolate_SAfiA-361-50_ORF1_gene,_complete_cds
1275	2738	 0.418	MN778741.1_MAG:_Torque_teno_midi_virus_isolate_SAfiA-414-29_ORF1_gene,_complete_cds
1276	2872	 0.418	MN771099.1_MAG:_TTV-like_mini_virus_isolate_SAfiA-342-18,_complete_genome
1277	2683	 0.417	MN779660.1_MAG:_Torque_teno_midi_virus_isolate_SAfiA-376-55_ORF1_gene,_complete_cds
1278	3067	 0.417	MN776047.1_MAG:_Torque_teno_midi_virus_isolate_SAfiA-818-8_ORF1_gene,_complete_cds
1279	2573	 0.417	MN776868.1_MAG:_Torque_teno_midi_virus_isolate_SAfiA-659-43_ORF1_gene,_complete_cds
1280	2677	 0.417	MN779686.1_MAG:_Torque_teno_midi_virus_isolate_SAfiA-469-14_ORF1_gene,_complete_cds
1281	2998	 0.417	MN774985.1_MAG:_Torque_teno_midi_virus_isolate_SAfiA-348-4,_complete_genome
1282	2963	 0.416	MN774981.1_MAG:_Torque_teno_midi_virus_isolate_SAfiA-635-1,_complete_genome
1283	2582	 0.416	MN779480.1_MAG:_Torque_teno_midi_virus_isolate_SAfiA-106B-48_ORF1_gene,_complete_cds
1284	2619	 0.416	MN775863.1_MAG:_Torque_teno_midi_virus_isolate_SAfiA-566-42_ORF1_gene,_complete_cds
1285	2840	 0.416	MZ286274.1_Anelloviridae_sp._isolate_SP43_C6,_complete_genome
1286	2523	 0.416	MN776809.1_MAG:_Torque_teno_midi_virus_isolate_SAfiA-41-12_ORF1_gene,_complete_cds
1287	2387	 0.416	MN778978.1_MAG:_Torque_teno_midi_virus_isolate_SAfiA-245-48_ORF1_gene,_complete_cds
1288	2627	 0.416	MN780191.1_MAG:_Torque_teno_midi_virus_isolate_SAfiA-33-38_ORF1_gene,_complete_cds
1289	2616	 0.416	MN777021.1_MAG:_Torque_teno_midi_virus_isolate_SAfiA-388-252_ORF1_gene,_complete_cds
1290	2646	 0.416	MN780068.1_MAG:_Torque_teno_midi_virus_isolate_SAfiA-874-74_ORF1_gene,_complete_cds
1291	3302	 0.416	MN165095.1_Torque_teno_midi_virus_isolate_Chzj53_hypothetical_protein_gene,_complete_cds
1292	2744	 0.415	MN777190.1_MAG:_Torque_teno_midi_virus_isolate_SAfiA-268-18_ORF1_gene,_complete_cds
1293	2907	 0.415	MN770557.1_MAG:_TTV-like_mini_virus_isolate_SAfiA-346-18,_complete_genome
1294	2584	 0.415	MN778425.1_MAG:_Torque_teno_midi_virus_isolate_SAfiA-587-268_ORF1_gene,_complete_cds
1295	2746	 0.415	MN775047.1_MAG:_Torque_teno_midi_virus_isolate_SAfiA-658-18_ORF1_gene,_complete_cds
1296	2629	 0.415	MN779191.1_MAG:_Torque_teno_midi_virus_isolate_SAfiA-566-40_ORF1_gene,_complete_cds
1297	2624	 0.415	MN775139.1_MAG:_Torque_teno_midi_virus_isolate_SAfiA-306A-62_ORF1_gene,_complete_cds
1298	2874	 0.415	MN769652.1_MAG:_TTV-like_mini_virus_isolate_SAfiA-647-11,_complete_genome
1299	2722	 0.415	MN779849.1_MAG:_Torque_teno_midi_virus_isolate_SAfiA-569-66_ORF1_gene,_complete_cds
1300	2886	 0.415	MN770354.1_MAG:_TTV-like_mini_virus_isolate_SAfiA-361-20,_complete_genome
1301	2347	 0.415	MN775866.1_MAG:_Torque_teno_midi_virus_isolate_SAfiA-587-354_ORF1_gene,_complete_cds
1302	2451	 0.414	MN776005.1_MAG:_Torque_teno_midi_virus_isolate_SAfiA-390-28_ORF1_gene,_complete_cds
1303	2614	 0.414	MN779995.1_MAG:_Torque_teno_midi_virus_isolate_SAfiA-577-225_ORF1_gene,_complete_cds
1304	2628	 0.414	MN780165.1_MAG:_Torque_teno_midi_virus_isolate_SAfiA-235-76_ORF1_gene,_complete_cds
1305	2658	 0.414	MN776261.1_MAG:_Torque_teno_midi_virus_isolate_SAfiA-35-109_ORF1_gene,_complete_cds
1306	2675	 0.414	MN778717.1_MAG:_Torque_teno_midi_virus_isolate_SAfiA-368-21_ORF1_gene,_complete_cds
1307	2695	 0.414	MN778863.1_MAG:_Torque_teno_midi_virus_isolate_SAfiA-785-119_ORF1_gene,_complete_cds
1308	2957	 0.414	MN780359.1_MAG:_Torque_teno_midi_virus_isolate_SAfiA-416-0_ORF1_gene,_complete_cds
1309	2286	 0.414	MN779005.1_MAG:_Torque_teno_midi_virus_isolate_SAfiA-615-1338_ORF1_gene,_complete_cds
1310	2931	 0.414	MN769925.1_MAG:_TTV-like_mini_virus_isolate_SAfiA-388-21,_complete_genome
1311	2812	 0.414	MN770162.1_MAG:_TTV-like_mini_virus_isolate_SAfiA-615-693,_complete_genome
1312	2527	 0.413	MN777081.1_MAG:_Torque_teno_midi_virus_isolate_SAfiA-5A-44_ORF1_gene,_complete_cds
1313	2628	 0.413	MN776946.1_MAG:_Torque_teno_midi_virus_isolate_SAfiA-254-68_ORF1_gene,_complete_cds
1314	3086	 0.413	MN779902.1_MAG:_Torque_teno_midi_virus_isolate_SAfiA-548-5_ORF1_gene,_complete_cds
1315	2749	 0.413	MN768777.1_MAG:_Torque_teno_mini_virus_isolate_SAfiA-232-19,_complete_ORF1
1316	2723	 0.413	MN774965.1_MAG:_Torque_teno_midi_virus_isolate_SAfiA-276-16,_complete_genome
1317	2656	 0.413	MN777627.1_MAG:_Torque_teno_midi_virus_isolate_SAfiA-587-190_ORF1_gene,_complete_cds
1318	2982	 0.413	MN769117.1_MAG:_TTV-like_mini_virus_isolate_SAfiA-241-8,_complete_genome
1319	2472	 0.412	MN776455.1_MAG:_Torque_teno_midi_virus_isolate_SAfiA-436-10_ORF1_gene,_complete_cds
1320	2485	 0.412	MN777885.1_MAG:_Torque_teno_midi_virus_isolate_SAfiA-85-2_ORF1_gene,_complete_cds
1321	2667	 0.412	MN777610.1_MAG:_Torque_teno_midi_virus_isolate_SAfiA-549-7_ORF1_gene,_complete_cds
1322	2449	 0.412	MN776858.1_MAG:_Torque_teno_midi_virus_isolate_SAfiA-615-1121_ORF1_gene,_complete_cds
1323	2901	 0.412	MN770854.1_MAG:_TTV-like_mini_virus_isolate_SAfiA-476-7,_complete_genome
1324	2636	 0.412	MN776778.1_MAG:_Torque_teno_midi_virus_isolate_SAfiA-274-46_ORF1_gene,_complete_cds
1325	2705	 0.412	MN775652.1_MAG:_Torque_teno_midi_virus_isolate_SAfiA-461-13_ORF1_gene,_complete_cds
1326	2578	 0.412	MN777437.1_MAG:_Torque_teno_midi_virus_isolate_SAfiA-587-277_ORF1_gene,_complete_cds
1327	2976	 0.411	MN776989.1_MAG:_Torque_teno_midi_virus_isolate_SAfiA-776-118_ORF1_gene,_complete_cds
1328	2849	 0.411	MN768857.1_MAG:_Torque_teno_mini_virus_isolate_SAfiA-234-18,_complete_ORF1
1329	2571	 0.411	MN778100.1_MAG:_Torque_teno_midi_virus_isolate_SAfiA-511-26_ORF1_gene,_complete_cds
1330	2869	 0.411	MN771174.1_MAG:_TTV-like_mini_virus_isolate_SAfiA-71-27,_complete_genome
1331	2669	 0.411	MN780334.1_MAG:_Torque_teno_midi_virus_isolate_SAfiA-856-440_ORF1_gene,_complete_cds
1332	2558	 0.411	MN777239.1_MAG:_Torque_teno_midi_virus_isolate_SAfiA-346-125_ORF1_gene,_complete_cds
1333	2613	 0.411	MN779872.1_MAG:_Torque_teno_midi_virus_isolate_SAfiA-810-90_ORF1_gene,_complete_cds
1334	2672	 0.410	MN776297.1_MAG:_Torque_teno_midi_virus_isolate_SAfiA-628-60_ORF1_gene,_complete_cds
1335	2562	 0.410	MN780244.1_MAG:_Torque_teno_midi_virus_isolate_SAfiA-454-16_ORF1_gene,_complete_cds
1336	2680	 0.410	MN779290.1_MAG:_Torque_teno_midi_virus_isolate_SAfiA-333-31_ORF1_gene,_complete_cds
1337	2574	 0.410	MN779522.1_MAG:_Torque_teno_midi_virus_isolate_SAfiA-858-138_ORF1_gene,_complete_cds
1338	2634	 0.410	MN776818.1_MAG:_Torque_teno_midi_virus_isolate_SAfiA-478-48_ORF1_gene,_complete_cds
1339	2613	 0.409	MN776493.1_MAG:_Torque_teno_midi_virus_isolate_SAfiA-100A-41_ORF1_gene,_complete_cds
1340	2733	 0.409	MN775168.1_MAG:_Torque_teno_midi_virus_isolate_SAfiA-572-45_ORF1_gene,_complete_cds
1341	2982	 0.409	MN769043.1_MAG:_TTV-like_mini_virus_isolate_SAfiA-106A-13,_complete_genome
1342	2572	 0.409	MN776799.1_MAG:_Torque_teno_midi_virus_isolate_SAfiA-368-28_ORF1_gene,_complete_cds
1343	2689	 0.409	MN779440.1_MAG:_Torque_teno_midi_virus_isolate_SAfiA-401-35_ORF1_gene,_complete_cds
1344	2931	 0.409	MN771395.1_MAG:_TTV-like_mini_virus_isolate_SAfiA-110-12,_complete_genome
1345	2914	 0.409	MN770116.1_MAG:_TTV-like_mini_virus_isolate_SAfiA-727-2,_complete_genome
1346	2629	 0.409	MN778612.1_MAG:_Torque_teno_midi_virus_isolate_SAfiA-868-36_ORF1_gene,_complete_cds
1347	2671	 0.409	MN778829.1_MAG:_Torque_teno_midi_virus_isolate_SAfiA-646-22_ORF1_gene,_complete_cds
1348	3049	 0.408	MN778394.1_MAG:_Torque_teno_midi_virus_isolate_SAfiA-381-5_ORF1_gene,_complete_cds
1349	2638	 0.408	MN776299.1_MAG:_Torque_teno_midi_virus_isolate_SAfiA-651-47_ORF1_gene,_complete_cds
1350	2608	 0.408	MN776742.1_MAG:_Torque_teno_midi_virus_isolate_SAfiA-388-259_ORF1_gene,_complete_cds
1351	2657	 0.408	MN779265.1_MAG:_Torque_teno_midi_virus_isolate_SAfiA-297-125_ORF1_gene,_complete_cds
1352	2483	 0.408	MN775538.1_MAG:_Torque_teno_midi_virus_isolate_SAfiA-542-60_ORF1_gene,_complete_cds
1353	2533	 0.408	MN777361.1_MAG:_Torque_teno_midi_virus_isolate_SAfiA-272-30_ORF1_gene,_complete_cds
1354	2493	 0.407	MN777503.1_MAG:_Torque_teno_midi_virus_isolate_SAfiA-242-124_ORF1_gene,_complete_cds
1355	2547	 0.407	MN777312.1_MAG:_Torque_teno_midi_virus_isolate_SAfiA-346-129_ORF1_gene,_complete_cds
1356	2576	 0.407	MN775511.1_MAG:_Torque_teno_midi_virus_isolate_SAfiA-316-59_ORF1_gene,_complete_cds
1357	2633	 0.407	MN779164.1_MAG:_Torque_teno_midi_virus_isolate_SAfiA-401-42_ORF1_gene,_complete_cds
1358	2936	 0.407	MN769153.1_MAG:_TTV-like_mini_virus_isolate_SAfiA-277-21,_complete_genome
1359	2659	 0.407	MN778386.1_MAG:_Torque_teno_midi_virus_isolate_SAfiA-35-108_ORF1_gene,_complete_cds
1360	2490	 0.407	MN776865.1_MAG:_Torque_teno_midi_virus_isolate_SAfiA-644-59_ORF1_gene,_complete_cds
1361	2543	 0.407	MN776939.1_MAG:_Torque_teno_midi_virus_isolate_SAfiA-238-26_ORF1_gene,_complete_cds
1362	2575	 0.406	MN778263.1_MAG:_Torque_teno_midi_virus_isolate_SAfiA-569-91_ORF1_gene,_complete_cds
1363	2960	 0.406	MN770743.1_MAG:_TTV-like_mini_virus_isolate_SAfiA-676-9,_complete_genome
1364	2731	 0.406	MN779735.1_MAG:_Torque_teno_midi_virus_isolate_SAfiA-615-847_ORF1_gene,_complete_cds
1365	2610	 0.406	MN780046.1_MAG:_Torque_teno_midi_virus_isolate_SAfiA-556-36_ORF1_gene,_complete_cds
1366	2613	 0.406	MN779885.1_MAG:_Torque_teno_midi_virus_isolate_SAfiA-615-974_ORF1_gene,_complete_cds
1367	2515	 0.406	MN775401.1_MAG:_Torque_teno_midi_virus_isolate_SAfiA-124-80_ORF1_gene,_complete_cds
1368	2533	 0.406	MN778996.1_MAG:_Torque_teno_midi_virus_isolate_SAfiA-57-63_ORF1_gene,_complete_cds
1369	2598	 0.406	MN779400.1_MAG:_Torque_teno_midi_virus_isolate_SAfiA-642-65_ORF1_gene,_complete_cds
1370	2512	 0.405	MN776776.1_MAG:_Torque_teno_midi_virus_isolate_SAfiA-266-26_ORF1_gene,_complete_cds
1371	2649	 0.405	MN776014.1_MAG:_Torque_teno_midi_virus_isolate_SAfiA-535-17_ORF1_gene,_complete_cds
1372	2836	 0.405	MN771117.1_MAG:_TTV-like_mini_virus_isolate_SAfiA-446-14,_complete_genome
1373	2761	 0.405	MN770511.1_MAG:_TTV-like_mini_virus_isolate_SAfiA-277-40,_complete_genome
1374	2550	 0.405	MZ286090.1_Anelloviridae_sp._isolate_SP30_C9,_complete_genome
1375	2625	 0.405	MN775551.1_MAG:_Torque_teno_midi_virus_isolate_SAfiA-590-148_ORF1_gene,_complete_cds
1376	2438	 0.404	MN779485.1_MAG:_Torque_teno_midi_virus_isolate_SAfiA-325-60_ORF1_gene,_complete_cds
1377	2608	 0.404	MN779544.1_MAG:_Torque_teno_midi_virus_isolate_SAfiA-365-43_ORF1_gene,_complete_cds
1378	2580	 0.404	MN775116.1_MAG:_Torque_teno_midi_virus_isolate_SAfiA-106A-48_ORF1_gene,_complete_cds
1379	2982	 0.404	MN769027.1_MAG:_TTV-like_mini_virus_isolate_SAfiA-100A-22,_complete_genome
1380	2764	 0.404	MN776053.1_MAG:_Torque_teno_midi_virus_isolate_SAfiA-122-22_ORF1_gene,_complete_cds
1381	2781	 0.404	MN771171.1_MAG:_TTV-like_mini_virus_isolate_SAfiA-70-26,_complete_genome
1382	2646	 0.404	MN779797.1_MAG:_Torque_teno_midi_virus_isolate_SAfiA-107-38_ORF1_gene,_complete_cds
1383	2566	 0.404	MN778151.1_MAG:_Torque_teno_midi_virus_isolate_SAfiA-102-94_ORF1_gene,_complete_cds
1384	2775	 0.404	MN775355.1_MAG:_Torque_teno_midi_virus_isolate_SAfiA-747-0_ORF1_gene,_complete_cds
1385	2301	 0.403	MN776362.1_MAG:_Torque_teno_midi_virus_isolate_SAfiA-543-82_ORF1_gene,_complete_cds
1386	2953	 0.403	MN774993.1_MAG:_Torque_teno_midi_virus_isolate_SAfiA-250-10_ORF1_gene,_complete_cds
1387	2608	 0.403	MN777845.1_MAG:_Torque_teno_midi_virus_isolate_SAfiA-589-40_ORF1_gene,_complete_cds
1388	2674	 0.403	MN776293.1_MAG:_Torque_teno_midi_virus_isolate_SAfiA-616-33_ORF1_gene,_complete_cds
1389	2635	 0.403	MN777336.1_MAG:_Torque_teno_midi_virus_isolate_SAfiA-324-21_ORF1_gene,_complete_cds
1390	2678	 0.403	MN777036.1_MAG:_Torque_teno_midi_virus_isolate_SAfiA-446-21_ORF1_gene,_complete_cds
1391	2494	 0.403	MN777733.1_MAG:_Torque_teno_midi_virus_isolate_SAfiA-123-71_ORF1_gene,_complete_cds
1392	2636	 0.403	MN776683.1_MAG:_Torque_teno_midi_virus_isolate_SAfiA-5A-25_ORF1_gene,_complete_cds
1393	2629	 0.403	MN780294.1_MAG:_Torque_teno_midi_virus_isolate_SAfiA-5A-30_ORF1_gene,_complete_cds
1394	2567	 0.403	MN776552.1_MAG:_Torque_teno_midi_virus_isolate_SAfiA-590-170_ORF1_gene,_complete_cds
1395	2974	 0.403	MN770044.1_MAG:_TTV-like_mini_virus_isolate_SAfiA-274-12,_complete_genome
1396	2506	 0.403	MN777231.1_MAG:_Torque_teno_midi_virus_isolate_SAfiA-234-56_ORF1_gene,_complete_cds
1397	2680	 0.403	MN778958.1_MAG:_Torque_teno_midi_virus_isolate_SAfiA-478-39_ORF1_gene,_complete_cds
1398	2590	 0.402	MN777533.1_MAG:_Torque_teno_midi_virus_isolate_SAfiA-33-49_ORF1_gene,_complete_cds
1399	2615	 0.402	MN776146.1_MAG:_Torque_teno_midi_virus_isolate_SAfiA-11-60_ORF1_gene,_complete_cds
1400	2647	 0.402	MN778357.1_MAG:_Torque_teno_midi_virus_isolate_SAfiA-124-61_ORF1_gene,_complete_cds
1401	2507	 0.401	MN779583.1_MAG:_Torque_teno_midi_virus_isolate_SAfiA-388-301_ORF1_gene,_complete_cds
1402	2898	 0.401	MN769593.1_MAG:_TTV-like_mini_virus_isolate_SAfiA-600-5,_complete_genome
1403	2488	 0.401	MN775764.1_MAG:_Torque_teno_midi_virus_isolate_SAfiA-628-119_ORF1_gene,_complete_cds
1404	2611	 0.401	MN775840.1_MAG:_Torque_teno_midi_virus_isolate_SAfiA-353-95_ORF1_gene,_complete_cds
1405	2901	 0.401	MN770737.1_MAG:_TTV-like_mini_virus_isolate_SAfiA-652-7,_complete_genome
1406	2679	 0.401	MN778693.1_MAG:_Torque_teno_midi_virus_isolate_SAfiA-335-9_ORF1_gene,_complete_cds
1407	2868	 0.401	MN770510.1_MAG:_TTV-like_mini_virus_isolate_SAfiA-277-26,_complete_genome
1408	2973	 0.400	MN776998.1_MAG:_Torque_teno_midi_virus_isolate_SAfiA-509-6_ORF1_gene,_complete_cds
1409	2578	 0.400	MN779877.1_MAG:_Torque_teno_midi_virus_isolate_SAfiA-867-398_ORF1_gene,_complete_cds
1410	2627	 0.400	MN775661.1_MAG:_Torque_teno_midi_virus_isolate_SAfiA-514-48_ORF1_gene,_complete_cds
1411	2852	 0.400	MZ286250.1_Anelloviridae_sp._isolate_SP24_C7,_complete_genome
1412	2640	 0.400	MN775927.1_MAG:_Torque_teno_midi_virus_isolate_SAfiA-488-13_ORF1_gene,_complete_cds
1413	2499	 0.400	MN775517.1_MAG:_Torque_teno_midi_virus_isolate_SAfiA-346-162_ORF1_gene,_complete_cds
1414	2506	 0.400	MN779778.1_MAG:_Torque_teno_midi_virus_isolate_SAfiA-77-219_ORF1_gene,_complete_cds
1415	2665	 0.400	MN775300.1_MAG:_Torque_teno_midi_virus_isolate_SAfiA-789-21_ORF1_gene,_complete_cds
1416	2677	 0.400	MN778189.1_MAG:_Torque_teno_midi_virus_isolate_SAfiA-33-28_ORF1_gene,_complete_cds
1417	2683	 0.400	MN775560.1_MAG:_Torque_teno_midi_virus_isolate_SAfiA-6-23_ORF1_gene,_complete_cds
1418	2963	 0.400	MN769366.1_MAG:_TTV-like_mini_virus_isolate_SAfiA-418-11,_complete_genome
1419	2888	 0.399	MN770914.1_MAG:_TTV-like_mini_virus_isolate_SAfiA-339-8,_complete_genome
1420	2641	 0.399	MN776401.1_MAG:_Torque_teno_midi_virus_isolate_SAfiA-352-35_ORF1_gene,_complete_cds
1421	2698	 0.399	MN779722.1_MAG:_Torque_teno_midi_virus_isolate_SAfiA-589-30_ORF1_gene,_complete_cds
1422	2515	 0.399	MN777015.1_MAG:_Torque_teno_midi_virus_isolate_SAfiA-365-56_ORF1_gene,_complete_cds
1423	2602	 0.399	MN777155.1_MAG:_Torque_teno_midi_virus_isolate_SAfiA-70-41_ORF1_gene,_complete_cds
1424	2837	 0.399	MN771371.1_MAG:_TTV-like_mini_virus_isolate_SAfiA-593-18,_complete_genome
1425	2652	 0.399	MN776828.1_MAG:_Torque_teno_midi_virus_isolate_SAfiA-520-26_ORF1_gene,_complete_cds
1426	2657	 0.399	MN776859.1_MAG:_Torque_teno_midi_virus_isolate_SAfiA-615-913_ORF1_gene,_complete_cds
1427	2624	 0.399	MN777005.1_MAG:_Torque_teno_midi_virus_isolate_SAfiA-349-75_ORF1_gene,_complete_cds
1428	2635	 0.398	MN776024.1_MAG:_Torque_teno_midi_virus_isolate_SAfiA-598-12_ORF1_gene,_complete_cds
1429	2918	 0.398	MN769637.1_MAG:_TTV-like_mini_virus_isolate_SAfiA-638-5,_complete_genome
1430	2603	 0.398	MN776403.1_MAG:_Torque_teno_midi_virus_isolate_SAfiA-361-66_ORF1_gene,_complete_cds
1431	2955	 0.398	MN769387.1_MAG:_TTV-like_mini_virus_isolate_SAfiA-44-5,_complete_genome
1432	2582	 0.398	MN778348.1_MAG:_Torque_teno_midi_virus_isolate_SAfiA-102-88_ORF1_gene,_complete_cds
1433	2671	 0.398	MN777709.1_MAG:_Torque_teno_midi_virus_isolate_SAfiA-812-64_ORF1_gene,_complete_cds
1434	2916	 0.398	MN775501.1_MAG:_Torque_teno_midi_virus_isolate_SAfiA-238-15_ORF1_gene,_complete_cds
1435	4452	 0.398	KX685945.1_Cutavirus_strain_CGG5-268_NS1,_VP1,_hypothetical_protein,_and_VP2_genes,_complete_cds
1436	3039	 0.397	MN775978.1_MAG:_Torque_teno_midi_virus_isolate_SAfiA-559-5_ORF1_gene,_complete_cds
1437	2653	 0.397	MN768892.1_MAG:_Torque_teno_mini_virus_isolate_SAfiA-242-51,_complete_ORF1
1438	2573	 0.397	MN778339.1_MAG:_Torque_teno_midi_virus_isolate_SAfiA-99-33_ORF1_gene,_complete_cds
1439	2641	 0.397	MN777421.1_MAG:_Torque_teno_midi_virus_isolate_SAfiA-500-71_ORF1_gene,_complete_cds
1440	2612	 0.397	MN779477.1_MAG:_Torque_teno_midi_virus_isolate_SAfiA-106A-42_ORF1_gene,_complete_cds
1441	2531	 0.397	MN776707.1_MAG:_Torque_teno_midi_virus_isolate_SAfiA-676-44_ORF1_gene,_complete_cds
1442	2848	 0.397	MN771007.1_MAG:_TTV-like_mini_virus_isolate_SAfiA-678-8,_complete_genome
1443	7537	 0.397	MH118085.1_Coxsackievirus_A10_strain_09-2093-1,_complete_genome
1444	2406	 0.397	MN779744.1_MAG:_Torque_teno_midi_virus_isolate_SAfiA-626-70_ORF1_gene,_complete_cds
1445	2713	 0.396	MN775315.1_MAG:_Torque_teno_midi_virus_isolate_SAfiA-229-13_ORF1_gene,_complete_cds
1446	2879	 0.396	MN770856.1_MAG:_TTV-like_mini_virus_isolate_SAfiA-573-33,_complete_genome
1447	2635	 0.396	MN777050.1_MAG:_Torque_teno_midi_virus_isolate_SAfiA-49-28_ORF1_gene,_complete_cds
1448	2680	 0.396	MN776294.1_MAG:_Torque_teno_midi_virus_isolate_SAfiA-621-8_ORF1_gene,_complete_cds
1449	2782	 0.396	MN778711.1_MAG:_Torque_teno_midi_virus_isolate_SAfiA-362-21_ORF1_gene,_complete_cds
1450	2657	 0.396	MN778774.1_MAG:_Torque_teno_midi_virus_isolate_SAfiA-523-27_ORF1_gene,_complete_cds
1451	3220	 0.396	MN774941.1_MAG:_Torque_teno_midi_virus_isolate_SAfiA-364-0,_complete_genome
1452	2483	 0.396	MN777246.1_MAG:_Torque_teno_midi_virus_isolate_SAfiA-380-208_ORF1_gene,_complete_cds
1453	2584	 0.396	MN779223.1_MAG:_Torque_teno_midi_virus_isolate_SAfiA-810-98_ORF1_gene,_complete_cds
1454	2611	 0.395	MN776045.1_MAG:_Torque_teno_midi_virus_isolate_SAfiA-701-17_ORF1_gene,_complete_cds
1455	2631	 0.395	MN778433.1_MAG:_Torque_teno_midi_virus_isolate_SAfiA-5A-28_ORF1_gene,_complete_cds
1456	2639	 0.395	MN779423.1_MAG:_Torque_teno_midi_virus_isolate_SAfiA-325-35_ORF1_gene,_complete_cds
1457	2732	 0.395	MN777685.1_MAG:_Torque_teno_midi_virus_isolate_SAfiA-858-106_ORF1_gene,_complete_cds
1458	2652	 0.395	MN778889.1_MAG:_Torque_teno_midi_virus_isolate_SAfiA-898-6_ORF1_gene,_complete_cds
1459	2613	 0.395	MN779182.1_MAG:_Torque_teno_midi_virus_isolate_SAfiA-521-24_ORF1_gene,_complete_cds
1460	2652	 0.395	MN775925.1_MAG:_Torque_teno_midi_virus_isolate_SAfiA-435-14_ORF1_gene,_complete_cds
1461	2547	 0.395	MN776700.1_MAG:_Torque_teno_midi_virus_isolate_SAfiA-644-47_ORF1_gene,_complete_cds
1462	2879	 0.395	MN769405.1_MAG:_TTV-like_mini_virus_isolate_SAfiA-47-14,_complete_genome
1463	2652	 0.394	MN777705.1_MAG:_Torque_teno_midi_virus_isolate_SAfiA-578-45_ORF1_gene,_complete_cds
1464	2873	 0.394	MN769543.1_MAG:_TTV-like_mini_virus_isolate_SAfiA-581-24,_complete_genome
1465	2730	 0.394	MN775887.1_MAG:_Torque_teno_midi_virus_isolate_SAfiA-867-334_ORF1_gene,_complete_cds
1466	2749	 0.394	MN768736.1_MAG:_Torque_teno_mini_virus_isolate_SAfiA-863-13,_complete_ORF1
1467	2580	 0.394	MN775419.1_MAG:_Torque_teno_midi_virus_isolate_SAfiA-361-71_ORF1_gene,_complete_cds
1468	2599	 0.394	MN776497.1_MAG:_Torque_teno_midi_virus_isolate_SAfiA-124-69_ORF1_gene,_complete_cds
1469	2566	 0.394	MN776190.1_MAG:_Torque_teno_midi_virus_isolate_SAfiA-396-36_ORF1_gene,_complete_cds
1470	2624	 0.394	MN775033.1_MAG:_Torque_teno_midi_virus_isolate_SAfiA-254-73_ORF1_gene,_complete_cds
1471	2547	 0.394	MN779094.1_MAG:_Torque_teno_midi_virus_isolate_SAfiA-11-71_ORF1_gene,_complete_cds
1472	2674	 0.393	MN777708.1_MAG:_Torque_teno_midi_virus_isolate_SAfiA-739-2_ORF1_gene,_complete_cds
1473	2636	 0.393	MN779554.1_MAG:_Torque_teno_midi_virus_isolate_SAfiA-446-25_ORF1_gene,_complete_cds
1474	2609	 0.393	MN780012.1_MAG:_Torque_teno_midi_virus_isolate_SAfiA-867-389_ORF1_gene,_complete_cds
1475	2868	 0.393	MN770329.1_MAG:_TTV-like_mini_virus_isolate_SAfiA-6-8,_complete_genome
1476	2458	 0.393	MN778081.1_MAG:_Torque_teno_midi_virus_isolate_SAfiA-247-62_ORF1_gene,_complete_cds
1477	2535	 0.393	MN779942.1_MAG:_Torque_teno_midi_virus_isolate_SAfiA-55-31_ORF1_gene,_complete_cds
1478	2634	 0.392	MN776945.1_MAG:_Torque_teno_midi_virus_isolate_SAfiA-254-67_ORF1_gene,_complete_cds
1479	2598	 0.392	MN777868.1_MAG:_Torque_teno_midi_virus_isolate_SAfiA-676-47_ORF1_gene,_complete_cds
1480	2953	 0.392	MN769721.1_MAG:_TTV-like_mini_virus_isolate_SAfiA-74-2,_complete_genome
1481	2513	 0.392	MN779526.1_MAG:_Torque_teno_midi_virus_isolate_SAfiA-11-79_ORF1_gene,_complete_cds
1482	2325	 0.392	MN779407.1_MAG:_Torque_teno_midi_virus_isolate_SAfiA-866-624_ORF1_gene,_complete_cds
1483	2636	 0.392	MN776713.1_MAG:_Torque_teno_midi_virus_isolate_SAfiA-710-17_ORF1_gene,_complete_cds
1484	2644	 0.392	MN777932.1_MAG:_Torque_teno_midi_virus_isolate_SAfiA-421-28_ORF1_gene,_complete_cds
1485	2618	 0.391	MN778428.1_MAG:_Torque_teno_midi_virus_isolate_SAfiA-593-41_ORF1_gene,_complete_cds
1486	2900	 0.391	MN769891.1_MAG:_TTV-like_mini_virus_isolate_SAfiA-298-13,_complete_genome
1487	2735	 0.390	MN770560.1_MAG:_TTV-like_mini_virus_isolate_SAfiA-349-46,_complete_genome
1488	2546	 0.390	MN775699.1_MAG:_Torque_teno_midi_virus_isolate_SAfiA-865-210_ORF1_gene,_complete_cds
1489	2641	 0.389	MN779113.1_MAG:_Torque_teno_midi_virus_isolate_SAfiA-235-72_ORF1_gene,_complete_cds
1490	2691	 0.389	MN777349.1_MAG:_Torque_teno_midi_virus_isolate_SAfiA-224-41_ORF1_gene,_complete_cds
1491	2772	 0.389	MN779036.1_MAG:_Torque_teno_midi_virus_isolate_SAfiA-307-6_ORF1_gene,_complete_cds
1492	2624	 0.389	MN779392.1_MAG:_Torque_teno_midi_virus_isolate_SAfiA-61-32_ORF1_gene,_complete_cds
1493	2562	 0.389	MN778942.1_MAG:_Torque_teno_midi_virus_isolate_SAfiA-306A-70_ORF1_gene,_complete_cds
1494	2626	 0.389	MN779799.1_MAG:_Torque_teno_midi_virus_isolate_SAfiA-11-57_ORF1_gene,_complete_cds
1495	2548	 0.389	MN779918.1_MAG:_Torque_teno_midi_virus_isolate_SAfiA-242-98_ORF1_gene,_complete_cds
1496	2656	 0.389	MN778759.1_MAG:_Torque_teno_midi_virus_isolate_SAfiA-475-21_ORF1_gene,_complete_cds
1497	2634	 0.389	MN778562.1_MAG:_Torque_teno_midi_virus_isolate_SAfiA-5A-27_ORF1_gene,_complete_cds
1498	2555	 0.389	MN779709.1_MAG:_Torque_teno_midi_virus_isolate_SAfiA-573-66_ORF1_gene,_complete_cds
1499	3082	 0.389	MN780418.1_MAG:_Torque_teno_midi_virus_isolate_SAfiA-780-5_ORF1_gene,_complete_cds
1500	2918	 0.389	MN769208.1_MAG:_TTV-like_mini_virus_isolate_SAfiA-334-13,_complete_genome
1501	2618	 0.388	MN775928.1_MAG:_Torque_teno_midi_virus_isolate_SAfiA-500-79_ORF1_gene,_complete_cds
1502	2851	 0.388	MN768628.1_MAG:_Torque_teno_mini_virus_isolate_SAfiA-698-1,_complete_ORF1
1503	2521	 0.388	MN777912.1_MAG:_Torque_teno_midi_virus_isolate_SAfiA-577-270_ORF1_gene,_complete_cds
1504	2974	 0.388	MN771132.1_MAG:_TTV-like_mini_virus_isolate_SAfiA-520-9,_complete_genome
1505	3056	 0.388	MN780387.1_MAG:_Torque_teno_midi_virus_isolate_SAfiA-537-1_ORF1_gene,_complete_cds
1506	2877	 0.388	MN771006.1_MAG:_TTV-like_mini_virus_isolate_SAfiA-632-2,_complete_genome
1507	2806	 0.387	MN771390.1_MAG:_TTV-like_mini_virus_isolate_SAfiA-842-11,_complete_genome
1508	2612	 0.387	MN775306.1_MAG:_Torque_teno_midi_virus_isolate_SAfiA-863-18_ORF1_gene,_complete_cds
1509	2907	 0.387	MN774998.1_MAG:_Torque_teno_midi_virus_isolate_SAfiA-850-16_ORF1_gene,_complete_cds
1510	2608	 0.386	MN779089.1_MAG:_Torque_teno_midi_virus_isolate_SAfiA-10-28_ORF1_gene,_complete_cds
1511	2767	 0.386	MN778660.1_MAG:_Torque_teno_midi_virus_isolate_SAfiA-266-21_ORF1_gene,_complete_cds
1512	2871	 0.386	MN769094.1_MAG:_TTV-like_mini_virus_isolate_SAfiA-230-15,_complete_genome
1513	2876	 0.386	MN769424.1_MAG:_TTV-like_mini_virus_isolate_SAfiA-484-9,_complete_genome
1514	2534	 0.386	MN775747.1_MAG:_Torque_teno_midi_virus_isolate_SAfiA-346-137_ORF1_gene,_complete_cds
1515	2648	 0.385	MN775631.1_MAG:_Torque_teno_midi_virus_isolate_SAfiA-269-13_ORF1_gene,_complete_cds
1516	2592	 0.385	MN779341.1_MAG:_Torque_teno_midi_virus_isolate_SAfiA-124-71_ORF1_gene,_complete_cds
1517	2436	 0.385	MN775641.1_MAG:_Torque_teno_midi_virus_isolate_SAfiA-346-195_ORF1_gene,_complete_cds
1518	2470	 0.385	MN777804.1_MAG:_Torque_teno_midi_virus_isolate_SAfiA-398-44_ORF1_gene,_complete_cds
1519	2874	 0.385	MN770083.1_MAG:_TTV-like_mini_virus_isolate_SAfiA-500-33,_complete_genome
1520	2541	 0.385	MN776427.1_MAG:_Torque_teno_midi_virus_isolate_SAfiA-128A-38_ORF1_gene,_complete_cds
1521	2732	 0.385	MN780209.1_MAG:_Torque_teno_midi_virus_isolate_SAfiA-360-34_ORF1_gene,_complete_cds
1522	3132	 0.385	MN780415.1_MAG:_Torque_teno_midi_virus_isolate_SAfiA-547-5_ORF1_gene,_complete_cds
1523	2557	 0.385	MN780278.1_MAG:_Torque_teno_midi_virus_isolate_SAfiA-578-70_ORF1_gene,_complete_cds
1524	2634	 0.385	MN777405.1_MAG:_Torque_teno_midi_virus_isolate_SAfiA-426-6_ORF1_gene,_complete_cds
1525	2758	 0.384	MN780394.1_MAG:_Torque_teno_midi_virus_isolate_SAfiA-316-4_ORF1_gene,_complete_cds
1526	2616	 0.384	MN777629.1_MAG:_Torque_teno_midi_virus_isolate_SAfiA-587-224_ORF1_gene,_complete_cds
1527	2647	 0.384	MN777089.1_MAG:_Torque_teno_midi_virus_isolate_SAfiA-61-29_ORF1_gene,_complete_cds
1528	2601	 0.383	MN779742.1_MAG:_Torque_teno_midi_virus_isolate_SAfiA-626-47_ORF1_gene,_complete_cds
1529	2455	 0.383	MN779200.1_MAG:_Torque_teno_midi_virus_isolate_SAfiA-587-317_ORF1_gene,_complete_cds
1530	2921	 0.383	MN770515.1_MAG:_TTV-like_mini_virus_isolate_SAfiA-304-12,_complete_genome
1531	2615	 0.383	MN775155.1_MAG:_Torque_teno_midi_virus_isolate_SAfiA-396-28_ORF1_gene,_complete_cds
1532	2470	 0.383	MN780280.1_MAG:_Torque_teno_midi_virus_isolate_SAfiA-581-100_ORF1_gene,_complete_cds
1533	2595	 0.383	MN777591.1_MAG:_Torque_teno_midi_virus_isolate_SAfiA-478-55_ORF1_gene,_complete_cds
1534	2661	 0.383	MN778789.1_MAG:_Torque_teno_midi_virus_isolate_SAfiA-571-25_ORF1_gene,_complete_cds
1535	2545	 0.383	MN778927.1_MAG:_Torque_teno_midi_virus_isolate_SAfiA-11-72_ORF1_gene,_complete_cds
1536	2652	 0.383	MN778972.1_MAG:_Torque_teno_midi_virus_isolate_SAfiA-87-81_ORF1_gene,_complete_cds
1537	2618	 0.383	MN776907.1_MAG:_Torque_teno_midi_virus_isolate_SAfiA-571-29_ORF1_gene,_complete_cds
1538	2662	 0.382	MN779993.1_MAG:_Torque_teno_midi_virus_isolate_SAfiA-55-27_ORF1_gene,_complete_cds
1539	2639	 0.382	MN778060.1_MAG:_Torque_teno_midi_virus_isolate_SAfiA-640-30_ORF1_gene,_complete_cds
1540	2990	 0.382	MN771012.1_MAG:_TTV-like_mini_virus_isolate_SAfiA-808-3,_complete_genome
1541	2620	 0.382	MN778579.1_MAG:_Torque_teno_midi_virus_isolate_SAfiA-640-33_ORF1_gene,_complete_cds
1542	2509	 0.382	MN778479.1_MAG:_Torque_teno_midi_virus_isolate_SAfiA-122-41_ORF1_gene,_complete_cds
1543	2850	 0.382	MN771262.1_MAG:_TTV-like_mini_virus_isolate_SAfiA-577-113,_complete_genome
1544	2625	 0.381	MN777852.1_MAG:_Torque_teno_midi_virus_isolate_SAfiA-604-34_ORF1_gene,_complete_cds
1545	2994	 0.381	MN769605.1_MAG:_TTV-like_mini_virus_isolate_SAfiA-611-129,_complete_genome
1546	2668	 0.381	MN776981.1_MAG:_Torque_teno_midi_virus_isolate_SAfiA-33-29_ORF1_gene,_complete_cds
1547	2851	 0.381	MN771120.1_MAG:_TTV-like_mini_virus_isolate_SAfiA-470-12,_complete_genome
1548	2896	 0.381	MN770674.1_MAG:_TTV-like_mini_virus_isolate_SAfiA-573-37,_complete_genome
1549	2638	 0.381	MN776711.1_MAG:_Torque_teno_midi_virus_isolate_SAfiA-70-35_ORF1_gene,_complete_cds
1550	2897	 0.381	MN769741.1_MAG:_TTV-like_mini_virus_isolate_SAfiA-801-7,_complete_genome
1551	3226	 0.381	MZ286159.1_Anelloviridae_sp._isolate_SP47_C4,_complete_genome
1552	2736	 0.380	MN778275.1_MAG:_Torque_teno_midi_virus_isolate_SAfiA-593-27_ORF1_gene,_complete_cds
1553	2616	 0.380	MN779044.1_MAG:_Torque_teno_midi_virus_isolate_SAfiA-380-142_ORF1_gene,_complete_cds
1554	2508	 0.380	MN777831.1_MAG:_Torque_teno_midi_virus_isolate_SAfiA-566-50_ORF1_gene,_complete_cds
1555	2548	 0.380	MN776677.1_MAG:_Torque_teno_midi_virus_isolate_SAfiA-590-178_ORF1_gene,_complete_cds
1556	2710	 0.380	MN779842.1_MAG:_Torque_teno_midi_virus_isolate_SAfiA-457-9_ORF1_gene,_complete_cds
1557	2661	 0.380	MN776519.1_MAG:_Torque_teno_midi_virus_isolate_SAfiA-327-30_ORF1_gene,_complete_cds
1558	2548	 0.380	MN776023.1_MAG:_Torque_teno_midi_virus_isolate_SAfiA-593-61_ORF1_gene,_complete_cds
1559	2556	 0.380	MN775297.1_MAG:_Torque_teno_midi_virus_isolate_SAfiA-77-206_ORF1_gene,_complete_cds
1560	2646	 0.380	MN779192.1_MAG:_Torque_teno_midi_virus_isolate_SAfiA-57-53_ORF1_gene,_complete_cds
1561	2676	 0.380	MN778816.1_MAG:_Torque_teno_midi_virus_isolate_SAfiA-616-32_ORF1_gene,_complete_cds
1562	2690	 0.380	MN778218.1_MAG:_Torque_teno_midi_virus_isolate_SAfiA-370-8_ORF1_gene,_complete_cds
1563	2421	 0.379	MN777100.1_MAG:_Torque_teno_midi_virus_isolate_SAfiA-626-72_ORF1_gene,_complete_cds
1564	2573	 0.379	MN779978.1_MAG:_Torque_teno_midi_virus_isolate_SAfiA-388-277_ORF1_gene,_complete_cds
1565	2738	 0.379	MN779181.1_MAG:_Torque_teno_midi_virus_isolate_SAfiA-520-23_ORF1_gene,_complete_cds
1566	2503	 0.379	MN777412.1_MAG:_Torque_teno_midi_virus_isolate_SAfiA-457-13_ORF1_gene,_complete_cds
1567	2559	 0.379	MN777128.1_MAG:_Torque_teno_midi_virus_isolate_SAfiA-725-9_ORF1_gene,_complete_cds
1568	2581	 0.379	MN780337.1_MAG:_Torque_teno_midi_virus_isolate_SAfiA-867-397_ORF1_gene,_complete_cds
1569	2791	 0.379	OL694781.1_Torque_teno_midi_virus_14_isolate_TTMDV-AMS-S1-36_ORF1_gene,_complete_cds
1570	2602	 0.378	MN776982.1_MAG:_Torque_teno_midi_virus_isolate_SAfiA-333-40_ORF1_gene,_complete_cds
1571	2625	 0.378	MN776786.1_MAG:_Torque_teno_midi_virus_isolate_SAfiA-334-50_ORF1_gene,_complete_cds
1572	2745	 0.378	MN779246.1_MAG:_Torque_teno_midi_virus_isolate_SAfiA-535-16_ORF1_gene,_complete_cds
1573	2510	 0.378	MN777493.1_MAG:_Torque_teno_midi_virus_isolate_SAfiA-234-54_ORF1_gene,_complete_cds
1574	2732	 0.378	MN778542.1_MAG:_Torque_teno_midi_virus_isolate_SAfiA-491-18_ORF1_gene,_complete_cds
1575	2545	 0.378	MN777326.1_MAG:_Torque_teno_midi_virus_isolate_SAfiA-578-77_ORF1_gene,_complete_cds
1576	2425	 0.378	MN779567.1_MAG:_Torque_teno_midi_virus_isolate_SAfiA-60-21_ORF1_gene,_complete_cds
1577	2934	 0.377	MN771043.1_MAG:_TTV-like_mini_virus_isolate_SAfiA-584-10,_complete_genome
1578	2487	 0.377	MN777849.1_MAG:_Torque_teno_midi_virus_isolate_SAfiA-593-72_ORF1_gene,_complete_cds
1579	2507	 0.377	MN780273.1_MAG:_Torque_teno_midi_virus_isolate_SAfiA-566-55_ORF1_gene,_complete_cds
1580	2673	 0.377	MN768654.1_MAG:_Torque_teno_mini_virus_isolate_SAfiA-717-8,_complete_ORF1
1581	2671	 0.377	MN778772.1_MAG:_Torque_teno_midi_virus_isolate_SAfiA-514-42_ORF1_gene,_complete_cds
1582	2677	 0.377	MN778631.1_MAG:_Torque_teno_midi_virus_isolate_SAfiA-118-16_ORF1_gene,_complete_cds
1583	2728	 0.377	MN776591.1_MAG:_Torque_teno_midi_virus_isolate_SAfiA-118-12_ORF1_gene,_complete_cds
1584	2973	 0.377	MN770205.1_MAG:_TTV-like_mini_virus_isolate_SAfiA-676-7,_complete_genome
1585	2637	 0.377	MN778742.1_MAG:_Torque_teno_midi_virus_isolate_SAfiA-414-40_ORF1_gene,_complete_cds
1586	2802	 0.377	MN770820.1_MAG:_TTV-like_mini_virus_isolate_SAfiA-388-150,_complete_genome
1587	2551	 0.376	MN778706.1_MAG:_Torque_teno_midi_virus_isolate_SAfiA-35-143_ORF1_gene,_complete_cds
1588	2599	 0.376	MN776899.1_MAG:_Torque_teno_midi_virus_isolate_SAfiA-346-102_ORF1_gene,_complete_cds
1589	2610	 0.376	MN775924.1_MAG:_Torque_teno_midi_virus_isolate_SAfiA-414-45_ORF1_gene,_complete_cds
1590	2668	 0.376	MN778687.1_MAG:_Torque_teno_midi_virus_isolate_SAfiA-33-30_ORF1_gene,_complete_cds
1591	2975	 0.376	MN777943.1_MAG:_Torque_teno_midi_virus_isolate_SAfiA-567-27_ORF1_gene,_complete_cds
1592	2645	 0.376	MN778936.1_MAG:_Torque_teno_midi_virus_isolate_SAfiA-868-32_ORF1_gene,_complete_cds
1593	2636	 0.376	MN779361.1_MAG:_Torque_teno_midi_virus_isolate_SAfiA-353-83_ORF1_gene,_complete_cds
1594	2651	 0.376	MN777933.1_MAG:_Torque_teno_midi_virus_isolate_SAfiA-542-56_ORF1_gene,_complete_cds
1595	2644	 0.375	MN775994.1_MAG:_Torque_teno_midi_virus_isolate_SAfiA-350-57_ORF1_gene,_complete_cds
1596	2562	 0.375	MN777289.1_MAG:_Torque_teno_midi_virus_isolate_SAfiA-315-56_ORF1_gene,_complete_cds
1597	2656	 0.375	MN778282.1_MAG:_Torque_teno_midi_virus_isolate_SAfiA-610-33_ORF1_gene,_complete_cds
1598	2699	 0.375	MN775026.1_MAG:_Torque_teno_midi_virus_isolate_SAfiA-10-22_ORF1_gene,_complete_cds
1599	2890	 0.375	MZ286243.1_Anelloviridae_sp._isolate_SP16_C10,_complete_genome
1600	2918	 0.375	MN769731.1_MAG:_TTV-like_mini_virus_isolate_SAfiA-775-16,_complete_genome
1601	2934	 0.374	MN771227.1_MAG:_TTV-like_mini_virus_isolate_SAfiA-27-6,_complete_genome
1602	2909	 0.374	MN779905.1_MAG:_Torque_teno_midi_virus_isolate_SAfiA-285B-1_ORF1_gene,_complete_cds
1603	2498	 0.374	MN777016.1_MAG:_Torque_teno_midi_virus_isolate_SAfiA-368-35_ORF1_gene,_complete_cds
1604	2670	 0.374	MN779663.1_MAG:_Torque_teno_midi_virus_isolate_SAfiA-380-116_ORF1_gene,_complete_cds
1605	2628	 0.374	MN778131.1_MAG:_Torque_teno_midi_virus_isolate_SAfiA-55-29_ORF1_gene,_complete_cds
1606	2624	 0.374	MN778133.1_MAG:_Torque_teno_midi_virus_isolate_SAfiA-578-51_ORF1_gene,_complete_cds
1607	2599	 0.374	MN778343.1_MAG:_Torque_teno_midi_virus_isolate_SAfiA-500-82_ORF1_gene,_complete_cds
1608	2838	 0.374	MN771060.1_MAG:_TTV-like_mini_virus_isolate_SAfiA-369-32,_complete_genome
1609	2377	 0.374	MN777908.1_MAG:_Torque_teno_midi_virus_isolate_SAfiA-414-80_ORF1_gene,_complete_cds
1610	2931	 0.374	MN769057.1_MAG:_TTV-like_mini_virus_isolate_SAfiA-119-3,_complete_genome
1611	2208	 0.374	MN776441.1_MAG:_Torque_teno_midi_virus_isolate_SAfiA-334-95_ORF1_gene,_complete_cds
1612	2484	 0.374	MN777837.1_MAG:_Torque_teno_midi_virus_isolate_SAfiA-577-290_ORF1_gene,_complete_cds
1613	2619	 0.374	MN777856.1_MAG:_Torque_teno_midi_virus_isolate_SAfiA-611-247_ORF1_gene,_complete_cds
1614	2772	 0.373	MN775603.1_MAG:_Torque_teno_midi_virus_isolate_SAfiA-520-24_ORF1_gene,_complete_cds
1615	2653	 0.373	MN778705.1_MAG:_Torque_teno_midi_virus_isolate_SAfiA-35-113_ORF1_gene,_complete_cds
1616	2660	 0.373	MN777143.1_MAG:_Torque_teno_midi_virus_isolate_SAfiA-857-253_ORF1_gene,_complete_cds
1617	2626	 0.373	MN779863.1_MAG:_Torque_teno_midi_virus_isolate_SAfiA-615-963_ORF1_gene,_complete_cds
1618	2840	 0.373	MN769886.1_MAG:_TTV-like_mini_virus_isolate_SAfiA-275-54,_complete_genome
1619	3198	 0.373	MN774950.1_MAG:_Torque_teno_midi_virus_isolate_SAfiA-131-3,_complete_genome
1620	2657	 0.373	MN779985.1_MAG:_Torque_teno_midi_virus_isolate_SAfiA-440-19_ORF1_gene,_complete_cds
1621	2631	 0.373	MN776874.1_MAG:_Torque_teno_midi_virus_isolate_SAfiA-868-35_ORF1_gene,_complete_cds
1622	2900	 0.373	MN770928.1_MAG:_TTV-like_mini_virus_isolate_SAfiA-335-3,_complete_genome
1623	2898	 0.373	MN769442.1_MAG:_TTV-like_mini_virus_isolate_SAfiA-504-9,_complete_genome
1624	2588	 0.373	MN778401.1_MAG:_Torque_teno_midi_virus_isolate_SAfiA-396-34_ORF1_gene,_complete_cds
1625	2883	 0.372	MN769346.1_MAG:_TTV-like_mini_virus_isolate_SAfiA-39-9,_complete_genome
1626	2577	 0.372	MN780126.1_MAG:_Torque_teno_midi_virus_isolate_SAfiA-446-28_ORF1_gene,_complete_cds
1627	2658	 0.372	MN778785.1_MAG:_Torque_teno_midi_virus_isolate_SAfiA-567-32_ORF1_gene,_complete_cds
1628	2631	 0.372	MN780296.1_MAG:_Torque_teno_midi_virus_isolate_SAfiA-604-31_ORF1_gene,_complete_cds
1629	2620	 0.372	MN778320.1_MAG:_Torque_teno_midi_virus_isolate_SAfiA-684-19_ORF1_gene,_complete_cds
1630	2948	 0.372	MZ286241.1_Anelloviridae_sp._isolate_SP15_C4,_complete_genome
1631	2593	 0.372	MN776369.1_MAG:_Torque_teno_midi_virus_isolate_SAfiA-11-67_ORF1_gene,_complete_cds
1632	2914	 0.371	MN770040.1_MAG:_TTV-like_mini_virus_isolate_SAfiA-235-37,_complete_genome
1633	2540	 0.371	MN780468.1_MAG:_Torque_teno_midi_virus_isolate_SAfiA-710-36_ORF1_gene,_complete_cds
1634	2609	 0.371	MN776923.1_MAG:_Torque_teno_midi_virus_isolate_SAfiA-106A-43_ORF1_gene,_complete_cds
1635	2687	 0.371	MN780391.1_MAG:_Torque_teno_midi_virus_isolate_SAfiA-242-24_ORF1_gene,_complete_cds
1636	2665	 0.371	MN777161.1_MAG:_Torque_teno_midi_virus_isolate_SAfiA-33-32_ORF1_gene,_complete_cds
1637	2600	 0.371	MN779202.1_MAG:_Torque_teno_midi_virus_isolate_SAfiA-593-46_ORF1_gene,_complete_cds
1638	2860	 0.371	MN770836.1_MAG:_TTV-like_mini_virus_isolate_SAfiA-873-32,_complete_genome
1639	2676	 0.371	MN778778.1_MAG:_Torque_teno_midi_virus_isolate_SAfiA-543-51_ORF1_gene,_complete_cds
1640	2891	 0.371	MN770798.1_MAG:_TTV-like_mini_virus_isolate_SAfiA-894-25,_complete_genome
1641	2518	 0.371	MN777536.1_MAG:_Torque_teno_midi_virus_isolate_SAfiA-33-62_ORF1_gene,_complete_cds
1642	2652	 0.371	MN778712.1_MAG:_Torque_teno_midi_virus_isolate_SAfiA-365-36_ORF1_gene,_complete_cds
1643	2641	 0.370	MN775770.1_MAG:_Torque_teno_midi_virus_isolate_SAfiA-277-45_ORF1_gene,_complete_cds
1644	2659	 0.370	MN779052.1_MAG:_Torque_teno_midi_virus_isolate_SAfiA-874-70_ORF1_gene,_complete_cds
1645	2694	 0.370	MN779171.1_MAG:_Torque_teno_midi_virus_isolate_SAfiA-441-13_ORF1_gene,_complete_cds
1646	2528	 0.370	MN780185.1_MAG:_Torque_teno_midi_virus_isolate_SAfiA-277-55_ORF1_gene,_complete_cds
1647	2533	 0.370	MN776391.1_MAG:_Torque_teno_midi_virus_isolate_SAfiA-369-73_ORF1_gene,_complete_cds
1648	2694	 0.370	MN768595.1_MAG:_Torque_teno_mini_virus_isolate_SAfiA-670-9,_complete_ORF1
1649	2961	 0.369	MN774994.1_MAG:_Torque_teno_midi_virus_isolate_SAfiA-57-30_ORF1_gene,_complete_cds
1650	2658	 0.369	MN779621.1_MAG:_Torque_teno_midi_virus_isolate_SAfiA-297-124_ORF1_gene,_complete_cds
1651	2572	 0.369	MN777358.1_MAG:_Torque_teno_midi_virus_isolate_SAfiA-254-97_ORF1_gene,_complete_cds
1652	2553	 0.369	MN776640.1_MAG:_Torque_teno_midi_virus_isolate_SAfiA-402-67_ORF1_gene,_complete_cds
1653	2974	 0.369	MN770082.1_MAG:_TTV-like_mini_virus_isolate_SAfiA-500-16,_complete_genome
1654	2931	 0.369	MN769628.1_MAG:_TTV-like_mini_virus_isolate_SAfiA-621-2,_complete_genome
1655	2678	 0.369	MN778755.1_MAG:_Torque_teno_midi_virus_isolate_SAfiA-454-11_ORF1_gene,_complete_cds
1656	2566	 0.368	MN779505.1_MAG:_Torque_teno_midi_virus_isolate_SAfiA-526-16_ORF1_gene,_complete_cds
1657	2574	 0.368	MN768949.1_MAG:_Torque_teno_mini_virus_isolate_SAfiA-272-24,_complete_ORF1
1658	2615	 0.368	MN779388.1_MAG:_Torque_teno_midi_virus_isolate_SAfiA-596-8_ORF1_gene,_complete_cds
1659	2570	 0.368	MN778396.1_MAG:_Torque_teno_midi_virus_isolate_SAfiA-388-279_ORF1_gene,_complete_cds
1660	3076	 0.368	MN780395.1_MAG:_Torque_teno_midi_virus_isolate_SAfiA-427-1_ORF1_gene,_complete_cds
1661	2372	 0.368	MN778393.1_MAG:_Torque_teno_midi_virus_isolate_SAfiA-380-223_ORF1_gene,_complete_cds
1662	2532	 0.368	MN778642.1_MAG:_Torque_teno_midi_virus_isolate_SAfiA-127-35_ORF1_gene,_complete_cds
1663	2580	 0.368	MN776063.1_MAG:_Torque_teno_midi_virus_isolate_SAfiA-315-51_ORF1_gene,_complete_cds
1664	2960	 0.368	MN770638.1_MAG:_TTV-like_mini_virus_isolate_SAfiA-482-3,_complete_genome
1665	2575	 0.368	MN777072.1_MAG:_Torque_teno_midi_virus_isolate_SAfiA-587-280_ORF1_gene,_complete_cds
1666	2632	 0.368	MN775567.1_MAG:_Torque_teno_midi_virus_isolate_SAfiA-698-5_ORF1_gene,_complete_cds
1667	2862	 0.368	MN769095.1_MAG:_TTV-like_mini_virus_isolate_SAfiA-231-10,_complete_genome
1668	2533	 0.367	MN776823.1_MAG:_Torque_teno_midi_virus_isolate_SAfiA-500-97_ORF1_gene,_complete_cds
1669	2514	 0.367	MN777438.1_MAG:_Torque_teno_midi_virus_isolate_SAfiA-587-322_ORF1_gene,_complete_cds
1670	2600	 0.367	MN780069.1_MAG:_Torque_teno_midi_virus_isolate_SAfiA-899-23_ORF1_gene,_complete_cds
1671	2441	 0.367	MN780288.1_MAG:_Torque_teno_midi_virus_isolate_SAfiA-587-330_ORF1_gene,_complete_cds
1672	2672	 0.367	MN779617.1_MAG:_Torque_teno_midi_virus_isolate_SAfiA-274-42_ORF1_gene,_complete_cds
1673	2648	 0.367	MN775926.1_MAG:_Torque_teno_midi_virus_isolate_SAfiA-442-34_ORF1_gene,_complete_cds
1674	3132	 0.367	MN776163.1_MAG:_Torque_teno_midi_virus_isolate_SAfiA-301-5_ORF1_gene,_complete_cds
1675	2780	 0.367	MN778746.1_MAG:_Torque_teno_midi_virus_isolate_SAfiA-429-15_ORF1_gene,_complete_cds
1676	2381	 0.367	MN776836.1_MAG:_Torque_teno_midi_virus_isolate_SAfiA-580-32_ORF1_gene,_complete_cds
1677	2676	 0.367	MN777267.1_MAG:_Torque_teno_midi_virus_isolate_SAfiA-660-1129_ORF1_gene,_complete_cds
1678	2206	 0.367	MN776256.1_MAG:_Torque_teno_midi_virus_isolate_SAfiA-319-104_ORF1_gene,_complete_cds
1679	2929	 0.367	MN769064.1_MAG:_TTV-like_mini_virus_isolate_SAfiA-122-5,_complete_genome
1680	2648	 0.367	MN777157.1_MAG:_Torque_teno_midi_virus_isolate_SAfiA-127-22_ORF1_gene,_complete_cds
1681	2500	 0.366	MN778901.1_MAG:_Torque_teno_midi_virus_isolate_SAfiA-628-116_ORF1_gene,_complete_cds
1682	2476	 0.366	MN775648.1_MAG:_Torque_teno_midi_virus_isolate_SAfiA-414-73_ORF1_gene,_complete_cds
1683	2679	 0.366	MN777706.1_MAG:_Torque_teno_midi_virus_isolate_SAfiA-6-24_ORF1_gene,_complete_cds
1684	2615	 0.366	MN779206.1_MAG:_Torque_teno_midi_virus_isolate_SAfiA-604-40_ORF1_gene,_complete_cds
1685	3123	 0.366	MN780421.1_MAG:_Torque_teno_midi_virus_isolate_SAfiA-855-8_ORF1_gene,_complete_cds
1686	3034	 0.366	MN778311.1_MAG:_Torque_teno_midi_virus_isolate_SAfiA-643-3_ORF1_gene,_complete_cds
1687	2912	 0.366	MN769586.1_MAG:_TTV-like_mini_virus_isolate_SAfiA-595-16,_complete_genome
1688	2595	 0.366	MN779626.1_MAG:_Torque_teno_midi_virus_isolate_SAfiA-319-53_ORF1_gene,_complete_cds
1689	2882	 0.366	MN770351.1_MAG:_TTV-like_mini_virus_isolate_SAfiA-346-30,_complete_genome
1690	2513	 0.365	MN780200.1_MAG:_Torque_teno_midi_virus_isolate_SAfiA-346-150_ORF1_gene,_complete_cds
1691	2752	 0.365	MN778786.1_MAG:_Torque_teno_midi_virus_isolate_SAfiA-569-43_ORF1_gene,_complete_cds
1692	2934	 0.365	MN769188.1_MAG:_TTV-like_mini_virus_isolate_SAfiA-319-8,_complete_genome
1693	2692	 0.365	MN777041.1_MAG:_Torque_teno_midi_virus_isolate_SAfiA-476-17_ORF1_gene,_complete_cds
1694	2504	 0.365	MN778533.1_MAG:_Torque_teno_midi_virus_isolate_SAfiA-423-16_ORF1_gene,_complete_cds
1695	2611	 0.364	MN780259.1_MAG:_Torque_teno_midi_virus_isolate_SAfiA-51-41_ORF1_gene,_complete_cds
1696	3109	 0.364	MN780399.1_MAG:_Torque_teno_midi_virus_isolate_SAfiA-822-7_ORF1_gene,_complete_cds
1697	2898	 0.364	MN771457.1_MAG:_TTV-like_mini_virus_isolate_SAfiA-577-78,_complete_genome
1698	2593	 0.364	MN778003.1_MAG:_Torque_teno_midi_virus_isolate_SAfiA-355-20_ORF1_gene,_complete_cds
1699	2667	 0.364	MN779757.1_MAG:_Torque_teno_midi_virus_isolate_SAfiA-665-6_ORF1_gene,_complete_cds
1700	7546	 0.364	MH118077.1_Coxsackievirus_A10_strain_10-3432-2,_complete_genome
1701	2547	 0.364	MN778335.1_MAG:_Torque_teno_midi_virus_isolate_SAfiA-87-103_ORF1_gene,_complete_cds
1702	2711	 0.364	MN778945.1_MAG:_Torque_teno_midi_virus_isolate_SAfiA-331-40_ORF1_gene,_complete_cds
1703	2643	 0.363	MN777454.1_MAG:_Torque_teno_midi_virus_isolate_SAfiA-640-29_ORF1_gene,_complete_cds
1704	2804	 0.363	MN768832.1_MAG:_Torque_teno_mini_virus_isolate_SAfiA-774-183,_complete_ORF1
1705	2661	 0.363	MN778986.1_MAG:_Torque_teno_midi_virus_isolate_SAfiA-369-47_ORF1_gene,_complete_cds
1706	2750	 0.363	MN770959.1_MAG:_TTV-like_mini_virus_isolate_SAfiA-77-190,_complete_genome
1707	2656	 0.363	MN777153.1_MAG:_Torque_teno_midi_virus_isolate_SAfiA-335-10_ORF1_gene,_complete_cds
1708	2664	 0.363	MN778319.1_MAG:_Torque_teno_midi_virus_isolate_SAfiA-659-29_ORF1_gene,_complete_cds
1709	2755	 0.363	MN769161.1_MAG:_TTV-like_mini_virus_isolate_SAfiA-301-17,_complete_genome
1710	2670	 0.363	MN777660.1_MAG:_Torque_teno_midi_virus_isolate_SAfiA-628-61_ORF1_gene,_complete_cds
1711	2629	 0.362	MN779157.1_MAG:_Torque_teno_midi_virus_isolate_SAfiA-369-53_ORF1_gene,_complete_cds
1712	2523	 0.362	MN777508.1_MAG:_Torque_teno_midi_virus_isolate_SAfiA-248-29_ORF1_gene,_complete_cds
1713	2826	 0.362	MN770058.1_MAG:_TTV-like_mini_virus_isolate_SAfiA-349-38,_complete_genome
1714	2575	 0.362	MN779540.1_MAG:_Torque_teno_midi_virus_isolate_SAfiA-349-79_ORF1_gene,_complete_cds
1715	2661	 0.362	MN777962.1_MAG:_Torque_teno_midi_virus_isolate_SAfiA-84-13_ORF1_gene,_complete_cds
1716	2639	 0.362	MN778510.1_MAG:_Torque_teno_midi_virus_isolate_SAfiA-346-86_ORF1_gene,_complete_cds
1717	2688	 0.361	MN777059.1_MAG:_Torque_teno_midi_virus_isolate_SAfiA-542-54_ORF1_gene,_complete_cds
1718	2620	 0.361	MN775226.1_MAG:_Torque_teno_midi_virus_isolate_SAfiA-333-38_ORF1_gene,_complete_cds
1719	2606	 0.361	MN779478.1_MAG:_Torque_teno_midi_virus_isolate_SAfiA-106A-46_ORF1_gene,_complete_cds
1720	2545	 0.361	MN775575.1_MAG:_Torque_teno_midi_virus_isolate_SAfiA-868-40_ORF1_gene,_complete_cds
1721	2629	 0.361	MN779233.1_MAG:_Torque_teno_midi_virus_isolate_SAfiA-867-377_ORF1_gene,_complete_cds
1722	2597	 0.361	MN779193.1_MAG:_Torque_teno_midi_virus_isolate_SAfiA-577-233_ORF1_gene,_complete_cds
1723	2840	 0.361	MN771004.1_MAG:_TTV-like_mini_virus_isolate_SAfiA-590-64,_complete_genome
1724	2663	 0.361	MN777058.1_MAG:_Torque_teno_midi_virus_isolate_SAfiA-541-27_ORF1_gene,_complete_cds
1725	2673	 0.361	MN778345.1_MAG:_Torque_teno_midi_virus_isolate_SAfiA-599-9_ORF1_gene,_complete_cds
1726	2685	 0.360	MN777084.1_MAG:_Torque_teno_midi_virus_isolate_SAfiA-60-13_ORF1_gene,_complete_cds
1727	2849	 0.360	MN771169.1_MAG:_TTV-like_mini_virus_isolate_SAfiA-688-3,_complete_genome
1728	2701	 0.360	MN780307.1_MAG:_Torque_teno_midi_virus_isolate_SAfiA-616-30_ORF1_gene,_complete_cds
1729	2384	 0.360	MN777529.1_MAG:_Torque_teno_midi_virus_isolate_SAfiA-325-61_ORF1_gene,_complete_cds
1730	2601	 0.360	MN776434.1_MAG:_Torque_teno_midi_virus_isolate_SAfiA-242-81_ORF1_gene,_complete_cds
1731	2648	 0.360	MN779587.1_MAG:_Torque_teno_midi_virus_isolate_SAfiA-536-16_ORF1_gene,_complete_cds
1732	2623	 0.360	MN778767.1_MAG:_Torque_teno_midi_virus_isolate_SAfiA-488-15_ORF1_gene,_complete_cds
1733	2604	 0.360	MN776162.1_MAG:_Torque_teno_midi_virus_isolate_SAfiA-270-25_ORF1_gene,_complete_cds
1734	2888	 0.360	MN769625.1_MAG:_TTV-like_mini_virus_isolate_SAfiA-618-9,_complete_genome
1735	2694	 0.359	MN778827.1_MAG:_Torque_teno_midi_virus_isolate_SAfiA-644-18_ORF1_gene,_complete_cds
1736	2608	 0.359	MN777577.1_MAG:_Torque_teno_midi_virus_isolate_SAfiA-415-12_ORF1_gene,_complete_cds
1737	2740	 0.358	MN780098.1_MAG:_Torque_teno_midi_virus_isolate_SAfiA-897-1_ORF1_gene,_complete_cds
1738	2577	 0.358	MN776445.1_MAG:_Torque_teno_midi_virus_isolate_SAfiA-360-41_ORF1_gene,_complete_cds
1739	2475	 0.358	MN780011.1_MAG:_Torque_teno_midi_virus_isolate_SAfiA-850-27_ORF1_gene,_complete_cds
1740	2622	 0.358	MN768764.1_MAG:_Torque_teno_mini_virus_isolate_SAfiA-88-54,_complete_ORF1
1741	2738	 0.358	MN779093.1_MAG:_Torque_teno_midi_virus_isolate_SAfiA-116-41_ORF1_gene,_complete_cds
1742	2690	 0.358	MN776500.1_MAG:_Torque_teno_midi_virus_isolate_SAfiA-224-40_ORF1_gene,_complete_cds
1743	2851	 0.358	MN775778.1_MAG:_Torque_teno_midi_virus_isolate_SAfiA-418-22_ORF1_gene,_complete_cds
1744	3052	 0.358	MN780401.1_MAG:_Torque_teno_midi_virus_isolate_SAfiA-627-6_ORF1_gene,_complete_cds
1745	2656	 0.357	MN779657.1_MAG:_Torque_teno_midi_virus_isolate_SAfiA-362-32_ORF1_gene,_complete_cds
1746	2794	 0.357	MN769357.1_MAG:_TTV-like_mini_virus_isolate_SAfiA-403-12,_complete_genome
1747	2701	 0.357	MN778460.1_MAG:_Torque_teno_midi_virus_isolate_SAfiA-872-3_ORF1_gene,_complete_cds
1748	2591	 0.357	MN777249.1_MAG:_Torque_teno_midi_virus_isolate_SAfiA-4-39_ORF1_gene,_complete_cds
1749	2656	 0.357	MN776808.1_MAG:_Torque_teno_midi_virus_isolate_SAfiA-402-53_ORF1_gene,_complete_cds
1750	2559	 0.356	MN775253.1_MAG:_Torque_teno_midi_virus_isolate_SAfiA-485-52_ORF1_gene,_complete_cds
1751	2535	 0.356	MN777904.1_MAG:_Torque_teno_midi_virus_isolate_SAfiA-346-136_ORF1_gene,_complete_cds
1752	2827	 0.356	MN768714.1_MAG:_Torque_teno_mini_virus_isolate_SAfiA-834-22,_complete_ORF1
1753	2934	 0.356	MN769531.1_MAG:_TTV-like_mini_virus_isolate_SAfiA-574-7,_complete_genome
1754	2617	 0.356	MN776638.1_MAG:_Torque_teno_midi_virus_isolate_SAfiA-401-43_ORF1_gene,_complete_cds
1755	2770	 0.356	MN777113.1_MAG:_Torque_teno_midi_virus_isolate_SAfiA-659-20_ORF1_gene,_complete_cds
1756	2902	 0.356	MN770102.1_MAG:_TTV-like_mini_virus_isolate_SAfiA-610-18,_complete_genome
1757	2878	 0.356	MN770989.1_MAG:_TTV-like_mini_virus_isolate_SAfiA-365-19,_complete_genome
1758	2704	 0.356	MN775027.1_MAG:_Torque_teno_midi_virus_isolate_SAfiA-122-26_ORF1_gene,_complete_cds
1759	2656	 0.356	MN776013.1_MAG:_Torque_teno_midi_virus_isolate_SAfiA-514-44_ORF1_gene,_complete_cds
1760	2543	 0.356	MN776676.1_MAG:_Torque_teno_midi_virus_isolate_SAfiA-590-176_ORF1_gene,_complete_cds
1761	2869	 0.356	MN771135.1_MAG:_TTV-like_mini_virus_isolate_SAfiA-532-11,_complete_genome
1762	2896	 0.356	MN769031.1_MAG:_TTV-like_mini_virus_isolate_SAfiA-10-12,_complete_genome
1763	2671	 0.355	MN779760.1_MAG:_Torque_teno_midi_virus_isolate_SAfiA-68-18_ORF1_gene,_complete_cds
1764	2625	 0.355	MN776402.1_MAG:_Torque_teno_midi_virus_isolate_SAfiA-353-91_ORF1_gene,_complete_cds
1765	2900	 0.355	MN771114.1_MAG:_TTV-like_mini_virus_isolate_SAfiA-408-1,_complete_genome
1766	2755	 0.355	MN777012.1_MAG:_Torque_teno_midi_virus_isolate_SAfiA-361-43_ORF1_gene,_complete_cds
1767	2635	 0.355	MN775149.1_MAG:_Torque_teno_midi_virus_isolate_SAfiA-353-84_ORF1_gene,_complete_cds
1768	2593	 0.355	MN775467.1_MAG:_Torque_teno_midi_virus_isolate_SAfiA-332-24_ORF1_gene,_complete_cds
1769	2492	 0.355	MN780341.1_MAG:_Torque_teno_midi_virus_isolate_SAfiA-87-117_ORF1_gene,_complete_cds
1770	2662	 0.355	MN780149.1_MAG:_Torque_teno_midi_virus_isolate_SAfiA-810-204_ORF1_gene,_complete_cds
1771	2651	 0.355	MN777919.1_MAG:_Torque_teno_midi_virus_isolate_SAfiA-626-39_ORF1_gene,_complete_cds
1772	2731	 0.355	MN778681.1_MAG:_Torque_teno_midi_virus_isolate_SAfiA-319-32_ORF1_gene,_complete_cds
1773	2301	 0.355	MN777124.1_MAG:_Torque_teno_midi_virus_isolate_SAfiA-70-65_ORF1_gene,_complete_cds
1774	2887	 0.354	MN770760.1_MAG:_TTV-like_mini_virus_isolate_SAfiA-739-1,_complete_genome
1775	2826	 0.354	MN769843.1_MAG:_TTV-like_mini_virus_isolate_SAfiA-493-6,_complete_genome
1776	2641	 0.354	MN776033.1_MAG:_Torque_teno_midi_virus_isolate_SAfiA-651-46_ORF1_gene,_complete_cds
1777	2083	 0.354	MN777985.1_MAG:_Torque_teno_midi_virus_isolate_SAfiA-255-7_ORF1_gene,_complete_cds
1778	2635	 0.354	MN779106.1_MAG:_Torque_teno_midi_virus_isolate_SAfiA-224-45_ORF1_gene,_complete_cds
1779	2541	 0.354	MN779047.1_MAG:_Torque_teno_midi_virus_isolate_SAfiA-541-35_ORF1_gene,_complete_cds
1780	2874	 0.354	MN769527.1_MAG:_TTV-like_mini_virus_isolate_SAfiA-57-37,_complete_genome
1781	2724	 0.354	MN777567.1_MAG:_Torque_teno_midi_virus_isolate_SAfiA-390-18_ORF1_gene,_complete_cds
1782	2549	 0.354	MN776730.1_MAG:_Torque_teno_midi_virus_isolate_SAfiA-254-105_ORF1_gene,_complete_cds
1783	2920	 0.353	MN771079.1_MAG:_TTV-like_mini_virus_isolate_SAfiA-113-11,_complete_genome
1784	2560	 0.353	MN779284.1_MAG:_Torque_teno_midi_virus_isolate_SAfiA-242-94_ORF1_gene,_complete_cds
1785	2577	 0.353	MN779979.1_MAG:_Torque_teno_midi_virus_isolate_SAfiA-39-25_ORF1_gene,_complete_cds
1786	2597	 0.353	MN778794.1_MAG:_Torque_teno_midi_virus_isolate_SAfiA-578-63_ORF1_gene,_complete_cds
1787	2624	 0.353	MN776710.1_MAG:_Torque_teno_midi_virus_isolate_SAfiA-687-28_ORF1_gene,_complete_cds
1788	2712	 0.353	MN776004.1_MAG:_Torque_teno_midi_virus_isolate_SAfiA-388-176_ORF1_gene,_complete_cds
1789	2642	 0.353	MN777076.1_MAG:_Torque_teno_midi_virus_isolate_SAfiA-593-36_ORF1_gene,_complete_cds
1790	2620	 0.352	MN775728.1_MAG:_Torque_teno_midi_virus_isolate_SAfiA-701-15_ORF1_gene,_complete_cds
1791	2902	 0.352	MN769750.1_MAG:_TTV-like_mini_virus_isolate_SAfiA-815-28,_complete_genome
1792	2634	 0.352	MN779153.1_MAG:_Torque_teno_midi_virus_isolate_SAfiA-358-13_ORF1_gene,_complete_cds
1793	2651	 0.352	MN778445.1_MAG:_Torque_teno_midi_virus_isolate_SAfiA-640-27_ORF1_gene,_complete_cds
1794	2169	 0.352	MN779573.1_MAG:_Torque_teno_midi_virus_isolate_SAfiA-70-68_ORF1_gene,_complete_cds
1795	2894	 0.352	MN769728.1_MAG:_TTV-like_mini_virus_isolate_SAfiA-77-107,_complete_genome
1796	2843	 0.352	MN769205.1_MAG:_TTV-like_mini_virus_isolate_SAfiA-33-23,_complete_genome
1797	2567	 0.352	MN779051.1_MAG:_Torque_teno_midi_virus_isolate_SAfiA-712-10_ORF1_gene,_complete_cds
1798	2589	 0.352	MN776938.1_MAG:_Torque_teno_midi_virus_isolate_SAfiA-235-96_ORF1_gene,_complete_cds
1799	2875	 0.352	MN770484.1_MAG:_TTV-like_mini_virus_isolate_SAfiA-245-18,_complete_genome
1800	2613	 0.352	MN775323.1_MAG:_Torque_teno_midi_virus_isolate_SAfiA-355-19_ORF1_gene,_complete_cds
1801	2493	 0.351	MN779893.1_MAG:_Torque_teno_midi_virus_isolate_SAfiA-349-83_ORF1_gene,_complete_cds
1802	2619	 0.351	MN776144.1_MAG:_Torque_teno_midi_virus_isolate_SAfiA-687-30_ORF1_gene,_complete_cds
1803	2540	 0.351	MN777441.1_MAG:_Torque_teno_midi_virus_isolate_SAfiA-590-181_ORF1_gene,_complete_cds
1804	2585	 0.351	MN775865.1_MAG:_Torque_teno_midi_virus_isolate_SAfiA-581-82_ORF1_gene,_complete_cds
1805	2707	 0.351	MN780133.1_MAG:_Torque_teno_midi_virus_isolate_SAfiA-587-168_ORF1_gene,_complete_cds
1806	2631	 0.351	MN776238.1_MAG:_Torque_teno_midi_virus_isolate_SAfiA-691-15_ORF1_gene,_complete_cds
1807	2642	 0.351	MN775201.1_MAG:_Torque_teno_midi_virus_isolate_SAfiA-122-31_ORF1_gene,_complete_cds
1808	2597	 0.351	MN777436.1_MAG:_Torque_teno_midi_virus_isolate_SAfiA-587-248_ORF1_gene,_complete_cds
1809	2701	 0.351	MN775534.1_MAG:_Torque_teno_midi_virus_isolate_SAfiA-485-37_ORF1_gene,_complete_cds
1810	2619	 0.351	MN777359.1_MAG:_Torque_teno_midi_virus_isolate_SAfiA-265-35_ORF1_gene,_complete_cds
1811	2684	 0.351	MN778245.1_MAG:_Torque_teno_midi_virus_isolate_SAfiA-49-25_ORF1_gene,_complete_cds
1812	2902	 0.351	MN769213.1_MAG:_TTV-like_mini_virus_isolate_SAfiA-340-5,_complete_genome
1813	2624	 0.351	MN776436.1_MAG:_Torque_teno_midi_virus_isolate_SAfiA-247-47_ORF1_gene,_complete_cds
1814	2556	 0.351	MN775605.1_MAG:_Torque_teno_midi_virus_isolate_SAfiA-541-37_ORF1_gene,_complete_cds
1815	2908	 0.350	MN770701.1_MAG:_TTV-like_mini_virus_isolate_SAfiA-587-42,_complete_genome
1816	2759	 0.350	MN775337.1_MAG:_Torque_teno_midi_virus_isolate_SAfiA-99-26_ORF1_gene,_complete_cds
1817	2626	 0.350	MN768865.1_MAG:_Torque_teno_mini_virus_isolate_SAfiA-235-63,_complete_ORF1
1818	2949	 0.350	MN769828.1_MAG:_TTV-like_mini_virus_isolate_SAfiA-98-14,_complete_genome
1819	2819	 0.350	MN771507.1_MAG:_TTV-like_mini_virus_isolate_SAfiA-85-1,_complete_genome
1820	2608	 0.350	MN779468.1_MAG:_Torque_teno_midi_virus_isolate_SAfiA-866-532_ORF1_gene,_complete_cds
1821	2927	 0.350	MN774999.1_MAG:_Torque_teno_midi_virus_isolate_SAfiA-501-6_ORF1_gene,_complete_cds
1822	2209	 0.350	MN777510.1_MAG:_Torque_teno_midi_virus_isolate_SAfiA-254-151_ORF1_gene,_complete_cds
1823	2667	 0.350	MN776832.1_MAG:_Torque_teno_midi_virus_isolate_SAfiA-555-18_ORF1_gene,_complete_cds
1824	2622	 0.350	MN778575.1_MAG:_Torque_teno_midi_virus_isolate_SAfiA-626-43_ORF1_gene,_complete_cds
1825	2638	 0.350	MN778107.1_MAG:_Torque_teno_midi_virus_isolate_SAfiA-94-54_ORF1_gene,_complete_cds
1826	2845	 0.350	MN770361.1_MAG:_TTV-like_mini_virus_isolate_SAfiA-388-125,_complete_genome
1827	2610	 0.350	MN776782.1_MAG:_Torque_teno_midi_virus_isolate_SAfiA-319-46_ORF1_gene,_complete_cds
1828	2762	 0.349	MN777701.1_MAG:_Torque_teno_midi_virus_isolate_SAfiA-507-5_ORF1_gene,_complete_cds
1829	2891	 0.349	MN770347.1_MAG:_TTV-like_mini_virus_isolate_SAfiA-334-17,_complete_genome
1830	2866	 0.349	MN770067.1_MAG:_TTV-like_mini_virus_isolate_SAfiA-367-33,_complete_genome
1831	2937	 0.349	MN770988.1_MAG:_TTV-like_mini_virus_isolate_SAfiA-364-4,_complete_genome
1832	2574	 0.349	MN775858.1_MAG:_Torque_teno_midi_virus_isolate_SAfiA-535-21_ORF1_gene,_complete_cds
1833	2871	 0.349	MN770977.1_MAG:_TTV-like_mini_virus_isolate_SAfiA-327-18,_complete_genome
1834	2505	 0.349	MN776016.1_MAG:_Torque_teno_midi_virus_isolate_SAfiA-55-33_ORF1_gene,_complete_cds
1835	2934	 0.349	MN769195.1_MAG:_TTV-like_mini_virus_isolate_SAfiA-325-14,_complete_genome
1836	2836	 0.349	MN768717.1_MAG:_Torque_teno_mini_virus_isolate_SAfiA-836-472,_complete_ORF1
1837	2575	 0.349	MN776970.1_MAG:_Torque_teno_midi_virus_isolate_SAfiA-313A-64_ORF1_gene,_complete_cds
1838	2710	 0.349	MN779759.1_MAG:_Torque_teno_midi_virus_isolate_SAfiA-681-11_ORF1_gene,_complete_cds
1839	2766	 0.349	MN768887.1_MAG:_Torque_teno_mini_virus_isolate_SAfiA-242-40,_complete_ORF1
1840	2844	 0.348	MN771372.1_MAG:_TTV-like_mini_virus_isolate_SAfiA-595-28,_complete_genome
1841	2677	 0.348	MN776279.1_MAG:_Torque_teno_midi_virus_isolate_SAfiA-514-40_ORF1_gene,_complete_cds
1842	2639	 0.348	MN779585.1_MAG:_Torque_teno_midi_virus_isolate_SAfiA-483-4_ORF1_gene,_complete_cds
1843	2531	 0.348	MN780054.1_MAG:_Torque_teno_midi_virus_isolate_SAfiA-622-16_ORF1_gene,_complete_cds
1844	2593	 0.348	MN778621.1_MAG:_Torque_teno_midi_virus_isolate_SAfiA-590-163_ORF1_gene,_complete_cds
1845	2563	 0.348	MN777261.1_MAG:_Torque_teno_midi_virus_isolate_SAfiA-591-26_ORF1_gene,_complete_cds
1846	2594	 0.348	MN779596.1_MAG:_Torque_teno_midi_virus_isolate_SAfiA-881-9_ORF1_gene,_complete_cds
1847	2594	 0.348	MN777301.1_MAG:_Torque_teno_midi_virus_isolate_SAfiA-609-35_ORF1_gene,_complete_cds
1848	2598	 0.348	MN777396.1_MAG:_Torque_teno_midi_virus_isolate_SAfiA-393-49_ORF1_gene,_complete_cds
1849	2458	 0.348	MN778656.1_MAG:_Torque_teno_midi_virus_isolate_SAfiA-254-137_ORF1_gene,_complete_cds
1850	2091	 0.348	MN777571.1_MAG:_Torque_teno_midi_virus_isolate_SAfiA-393-77_ORF1_gene,_complete_cds
1851	2651	 0.348	MN775739.1_MAG:_Torque_teno_midi_virus_isolate_SAfiA-123-44_ORF1_gene,_complete_cds
1852	2751	 0.348	MN779697.1_MAG:_Torque_teno_midi_virus_isolate_SAfiA-500-52_ORF1_gene,_complete_cds
1853	2520	 0.348	MN780263.1_MAG:_Torque_teno_midi_virus_isolate_SAfiA-526-18_ORF1_gene,_complete_cds
1854	2911	 0.348	MN770735.1_MAG:_TTV-like_mini_virus_isolate_SAfiA-651-28,_complete_genome
1855	2495	 0.347	MN780181.1_MAG:_Torque_teno_midi_virus_isolate_SAfiA-272-34_ORF1_gene,_complete_cds
1856	2847	 0.347	MN770469.1_MAG:_TTV-like_mini_virus_isolate_SAfiA-224-28,_complete_genome
1857	2593	 0.347	MN778448.1_MAG:_Torque_teno_midi_virus_isolate_SAfiA-666-26_ORF1_gene,_complete_cds
1858	2901	 0.347	MN771173.1_MAG:_TTV-like_mini_virus_isolate_SAfiA-71-20,_complete_genome
1859	2487	 0.347	MN777269.1_MAG:_Torque_teno_midi_virus_isolate_SAfiA-701-22_ORF1_gene,_complete_cds
1860	2837	 0.347	MN769794.1_MAG:_TTV-like_mini_virus_isolate_SAfiA-87-39,_complete_genome
1861	2942	 0.347	MN778738.1_MAG:_Torque_teno_midi_virus_isolate_SAfiA-397-7_ORF1_gene,_complete_cds
1862	2875	 0.346	MN769065.1_MAG:_TTV-like_mini_virus_isolate_SAfiA-123-15,_complete_genome
1863	2612	 0.346	MN779984.1_MAG:_Torque_teno_midi_virus_isolate_SAfiA-435-20_ORF1_gene,_complete_cds
1864	2972	 0.346	MN770124.1_MAG:_TTV-like_mini_virus_isolate_SAfiA-94-10,_complete_genome
1865	2295	 0.346	MN776943.1_MAG:_Torque_teno_midi_virus_isolate_SAfiA-254-148_ORF1_gene,_complete_cds
1866	2598	 0.346	MN777382.1_MAG:_Torque_teno_midi_virus_isolate_SAfiA-353-100_ORF1_gene,_complete_cds
1867	2479	 0.346	MN778581.1_MAG:_Torque_teno_midi_virus_isolate_SAfiA-640-46_ORF1_gene,_complete_cds
1868	2858	 0.346	MN769897.1_MAG:_TTV-like_mini_virus_isolate_SAfiA-316-27,_complete_genome
1869	2778	 0.346	MN770249.1_MAG:_TTV-like_mini_virus_isolate_SAfiA-315-23,_complete_genome
1870	2529	 0.346	MN779630.1_MAG:_Torque_teno_midi_virus_isolate_SAfiA-319-71_ORF1_gene,_complete_cds
1871	2849	 0.346	MN770940.1_MAG:_TTV-like_mini_virus_isolate_SAfiA-388-88,_complete_genome
1872	2885	 0.345	MN771410.1_MAG:_TTV-like_mini_virus_isolate_SAfiA-317-11,_complete_genome
1873	2529	 0.345	MN777500.1_MAG:_Torque_teno_midi_virus_isolate_SAfiA-241-54_ORF1_gene,_complete_cds
1874	2618	 0.345	MN775219.1_MAG:_Torque_teno_midi_virus_isolate_SAfiA-275-102_ORF1_gene,_complete_cds
1875	2767	 0.345	MN776049.1_MAG:_Torque_teno_midi_virus_isolate_SAfiA-830-2_ORF1_gene,_complete_cds
1876	2858	 0.345	MN768711.1_MAG:_Torque_teno_mini_virus_isolate_SAfiA-832-4,_complete_ORF1
1877	2610	 0.345	MN768957.1_MAG:_Torque_teno_mini_virus_isolate_SAfiA-275-91,_complete_ORF1
1878	2561	 0.345	MN779487.1_MAG:_Torque_teno_midi_virus_isolate_SAfiA-334-62_ORF1_gene,_complete_cds
1879	2520	 0.345	MN779541.1_MAG:_Torque_teno_midi_virus_isolate_SAfiA-35-154_ORF1_gene,_complete_cds
1880	2735	 0.345	MN768706.1_MAG:_Torque_teno_mini_virus_isolate_SAfiA-823-10,_complete_ORF1
1881	2877	 0.345	MN768943.1_MAG:_Torque_teno_mini_virus_isolate_SAfiA-270-15,_complete_ORF1
1882	2683	 0.344	MN779706.1_MAG:_Torque_teno_midi_virus_isolate_SAfiA-566-35_ORF1_gene,_complete_cds
1883	2944	 0.344	MN779247.1_MAG:_Torque_teno_midi_virus_isolate_SAfiA-577-63_ORF1_gene,_complete_cds
1884	2369	 0.344	MN777722.1_MAG:_Torque_teno_midi_virus_isolate_SAfiA-116-91_ORF1_gene,_complete_cds
1885	2941	 0.344	MN769630.1_MAG:_TTV-like_mini_virus_isolate_SAfiA-625-6,_complete_genome
1886	2953	 0.344	MN769364.1_MAG:_TTV-like_mini_virus_isolate_SAfiA-41-4,_complete_genome
1887	2606	 0.344	MN775400.1_MAG:_Torque_teno_midi_virus_isolate_SAfiA-123-47_ORF1_gene,_complete_cds
1888	2518	 0.344	MN779938.1_MAG:_Torque_teno_midi_virus_isolate_SAfiA-469-20_ORF1_gene,_complete_cds
1889	2646	 0.344	MN780190.1_MAG:_Torque_teno_midi_virus_isolate_SAfiA-33-36_ORF1_gene,_complete_cds
1890	2863	 0.344	MN770298.1_MAG:_TTV-like_mini_virus_isolate_SAfiA-333-18,_complete_genome
1891	2704	 0.344	MN779770.1_MAG:_Torque_teno_midi_virus_isolate_SAfiA-716-16_ORF1_gene,_complete_cds
1892	2950	 0.343	MN771268.1_MAG:_TTV-like_mini_virus_isolate_SAfiA-587-21,_complete_genome
1893	2491	 0.343	MN777608.1_MAG:_Torque_teno_midi_virus_isolate_SAfiA-543-70_ORF1_gene,_complete_cds
1894	7534	 0.343	MH118084.1_Coxsackievirus_A10_strain_09-3318-1,_complete_genome
1895	2733	 0.343	MN775523.1_MAG:_Torque_teno_midi_virus_isolate_SAfiA-38-11_ORF1_gene,_complete_cds
1896	2490	 0.343	MN777743.1_MAG:_Torque_teno_midi_virus_isolate_SAfiA-235-123_ORF1_gene,_complete_cds
1897	3031	 0.343	MN779906.1_MAG:_Torque_teno_midi_virus_isolate_SAfiA-259-6_ORF1_gene,_complete_cds
1898	2529	 0.343	MN778096.1_MAG:_Torque_teno_midi_virus_isolate_SAfiA-87-109_ORF1_gene,_complete_cds
1899	2602	 0.343	MN776107.1_MAG:_Torque_teno_midi_virus_isolate_SAfiA-587-242_ORF1_gene,_complete_cds
1900	2912	 0.342	MN769212.1_MAG:_TTV-like_mini_virus_isolate_SAfiA-340-2,_complete_genome
1901	2848	 0.342	MN770639.1_MAG:_TTV-like_mini_virus_isolate_SAfiA-482-8,_complete_genome
1902	2534	 0.342	MN775516.1_MAG:_Torque_teno_midi_virus_isolate_SAfiA-346-138_ORF1_gene,_complete_cds
1903	2516	 0.342	MN780246.1_MAG:_Torque_teno_midi_virus_isolate_SAfiA-475-43_ORF1_gene,_complete_cds
1904	2885	 0.342	MN771183.1_MAG:_TTV-like_mini_virus_isolate_SAfiA-779-27,_complete_genome
1905	2928	 0.342	MN769102.1_MAG:_TTV-like_mini_virus_isolate_SAfiA-235-23,_complete_genome
1906	2620	 0.342	MN776204.1_MAG:_Torque_teno_midi_virus_isolate_SAfiA-543-62_ORF1_gene,_complete_cds
1907	3046	 0.342	MN778884.1_MAG:_Torque_teno_midi_virus_isolate_SAfiA-878-1_ORF1_gene,_complete_cds
1908	2492	 0.342	MN777798.1_MAG:_Torque_teno_midi_virus_isolate_SAfiA-388-305_ORF1_gene,_complete_cds
1909	2430	 0.342	MN778822.1_MAG:_Torque_teno_midi_virus_isolate_SAfiA-626-71_ORF1_gene,_complete_cds
1910	2785	 0.341	MN768660.1_MAG:_Torque_teno_mini_virus_isolate_SAfiA-721-30,_complete_ORF1
1911	2618	 0.341	MN778443.1_MAG:_Torque_teno_midi_virus_isolate_SAfiA-628-73_ORF1_gene,_complete_cds
1912	2338	 0.341	MN777822.1_MAG:_Torque_teno_midi_virus_isolate_SAfiA-500-115_ORF1_gene,_complete_cds
1913	2589	 0.341	MN778279.1_MAG:_Torque_teno_midi_virus_isolate_SAfiA-60-16_ORF1_gene,_complete_cds
1914	2631	 0.341	MN777669.1_MAG:_Torque_teno_midi_virus_isolate_SAfiA-652-13_ORF1_gene,_complete_cds
1915	2931	 0.341	MN769422.1_MAG:_TTV-like_mini_virus_isolate_SAfiA-481-9,_complete_genome
1916	2624	 0.341	MN778677.1_MAG:_Torque_teno_midi_virus_isolate_SAfiA-31-35_ORF1_gene,_complete_cds
1917	2932	 0.341	MN771129.1_MAG:_TTV-like_mini_virus_isolate_SAfiA-495-11,_complete_genome
1918	2610	 0.340	MN776585.1_MAG:_Torque_teno_midi_virus_isolate_SAfiA-587-228_ORF1_gene,_complete_cds
1919	2606	 0.340	MN779981.1_MAG:_Torque_teno_midi_virus_isolate_SAfiA-401-45_ORF1_gene,_complete_cds
1920	2514	 0.340	MN777487.1_MAG:_Torque_teno_midi_virus_isolate_SAfiA-123-65_ORF1_gene,_complete_cds
1921	2764	 0.340	MN775117.1_MAG:_Torque_teno_midi_virus_isolate_SAfiA-107-33_ORF1_gene,_complete_cds
1922	2785	 0.340	MN777122.1_MAG:_Torque_teno_midi_virus_isolate_SAfiA-70-21_ORF1_gene,_complete_cds
1923	2626	 0.340	MN775546.1_MAG:_Torque_teno_midi_virus_isolate_SAfiA-581-74_ORF1_gene,_complete_cds
1924	2649	 0.340	MN776766.1_MAG:_Torque_teno_midi_virus_isolate_SAfiA-11-54_ORF1_gene,_complete_cds
1925	2608	 0.340	MN775825.1_MAG:_Torque_teno_midi_virus_isolate_SAfiA-102-81_ORF1_gene,_complete_cds
1926	2502	 0.340	MN779035.1_MAG:_Torque_teno_midi_virus_isolate_SAfiA-254-122_ORF1_gene,_complete_cds
1927	2864	 0.339	MN769056.1_MAG:_TTV-like_mini_virus_isolate_SAfiA-118-7,_complete_genome
1928	2632	 0.339	MN776846.1_MAG:_Torque_teno_midi_virus_isolate_SAfiA-593-38_ORF1_gene,_complete_cds
1929	2594	 0.339	MN780428.1_MAG:_Torque_teno_midi_virus_isolate_SAfiA-77-208_ORF1_gene,_complete_cds
1930	2658	 0.339	MN777002.1_MAG:_Torque_teno_midi_virus_isolate_SAfiA-346-76_ORF1_gene,_complete_cds
1931	2218	 0.339	MN775193.1_MAG:_Torque_teno_midi_virus_isolate_SAfiA-88-62_ORF1_gene,_complete_cds
1932	2466	 0.339	MN779598.1_MAG:_Torque_teno_midi_virus_isolate_SAfiA-10-39_ORF1_gene,_complete_cds
1933	2498	 0.339	MN775941.1_MAG:_Torque_teno_midi_virus_isolate_SAfiA-593-74_ORF1_gene,_complete_cds
1934	2508	 0.339	MN777023.1_MAG:_Torque_teno_midi_virus_isolate_SAfiA-388-299_ORF1_gene,_complete_cds
1935	2700	 0.339	MN775656.1_MAG:_Torque_teno_midi_virus_isolate_SAfiA-49-24_ORF1_gene,_complete_cds
1936	2648	 0.339	MN775380.1_MAG:_Torque_teno_midi_virus_isolate_SAfiA-491-22_ORF1_gene,_complete_cds
1937	2611	 0.339	MN777795.1_MAG:_Torque_teno_midi_virus_isolate_SAfiA-380-146_ORF1_gene,_complete_cds
1938	2543	 0.339	MN777492.1_MAG:_Torque_teno_midi_virus_isolate_SAfiA-232-38_ORF1_gene,_complete_cds
1939	2635	 0.338	MN778463.1_MAG:_Torque_teno_midi_virus_isolate_SAfiA-89-11_ORF1_gene,_complete_cds
1940	2561	 0.338	MN777697.1_MAG:_Torque_teno_midi_virus_isolate_SAfiA-388-282_ORF1_gene,_complete_cds
1941	7528	 0.338	MH118038.1_Coxsackievirus_A10_strain_17-1537-1,_complete_genome
1942	2701	 0.338	MN775915.1_MAG:_Torque_teno_midi_virus_isolate_SAfiA-334-41_ORF1_gene,_complete_cds
1943	2576	 0.338	MN768908.1_MAG:_Torque_teno_mini_virus_isolate_SAfiA-251-29,_complete_ORF1
1944	2544	 0.338	MN775588.1_MAG:_Torque_teno_midi_virus_isolate_SAfiA-240-29_ORF1_gene,_complete_cds
1945	2742	 0.338	MN776586.1_MAG:_Torque_teno_midi_virus_isolate_SAfiA-106A-24_ORF1_gene,_complete_cds
1946	2478	 0.338	MN775674.1_MAG:_Torque_teno_midi_virus_isolate_SAfiA-587-312_ORF1_gene,_complete_cds
1947	2544	 0.338	MZ286082.1_Anelloviridae_sp._isolate_SP28_C6,_complete_genome
1948	2723	 0.338	MN776271.1_MAG:_Torque_teno_midi_virus_isolate_SAfiA-442-27_ORF1_gene,_complete_cds
1949	2517	 0.338	MN775141.1_MAG:_Torque_teno_midi_virus_isolate_SAfiA-315-61_ORF1_gene,_complete_cds
1950	2566	 0.338	MN779014.1_MAG:_Torque_teno_midi_virus_isolate_SAfiA-810-103_ORF1_gene,_complete_cds
1951	2664	 0.337	MN777226.1_MAG:_Torque_teno_midi_virus_isolate_SAfiA-70-32_ORF1_gene,_complete_cds
1952	2871	 0.337	MN770984.1_MAG:_TTV-like_mini_virus_isolate_SAfiA-350-22,_complete_genome
1953	2790	 0.337	MN770577.1_MAG:_TTV-like_mini_virus_isolate_SAfiA-362-23,_complete_genome
1954	3072	 0.337	MN780413.1_MAG:_Torque_teno_midi_virus_isolate_SAfiA-345-7_ORF1_gene,_complete_cds
1955	2563	 0.337	MN775221.1_MAG:_Torque_teno_midi_virus_isolate_SAfiA-319-69_ORF1_gene,_complete_cds
1956	2429	 0.337	MN778488.1_MAG:_Torque_teno_midi_virus_isolate_SAfiA-262-18_ORF1_gene,_complete_cds
1957	2740	 0.337	MN776111.1_MAG:_Torque_teno_midi_virus_isolate_SAfiA-628-56_ORF1_gene,_complete_cds
1958	2447	 0.337	MN768911.1_MAG:_Torque_teno_mini_virus_isolate_SAfiA-254-135,_complete_ORF1
1959	2609	 0.337	MN779929.1_MAG:_Torque_teno_midi_virus_isolate_SAfiA-388-258_ORF1_gene,_complete_cds
1960	2603	 0.336	MN775135.1_MAG:_Torque_teno_midi_virus_isolate_SAfiA-275-104_ORF1_gene,_complete_cds
1961	2614	 0.336	MN777372.1_MAG:_Torque_teno_midi_virus_isolate_SAfiA-331-47_ORF1_gene,_complete_cds
1962	2973	 0.336	MN776150.1_MAG:_Torque_teno_midi_virus_isolate_SAfiA-224-39_ORF1_gene,_complete_cds
1963	2750	 0.336	MN780355.1_MAG:_Torque_teno_midi_virus_isolate_SAfiA-757-10_ORF1_gene,_complete_cds
1964	2898	 0.336	MN769761.1_MAG:_TTV-like_mini_virus_isolate_SAfiA-836-444,_complete_genome
1965	2687	 0.336	MN777142.1_MAG:_Torque_teno_midi_virus_isolate_SAfiA-833-20_ORF1_gene,_complete_cds
1966	2553	 0.336	MN779531.1_MAG:_Torque_teno_midi_virus_isolate_SAfiA-297-141_ORF1_gene,_complete_cds
1967	2607	 0.336	MN778470.1_MAG:_Torque_teno_midi_virus_isolate_SAfiA-107-47_ORF1_gene,_complete_cds
1968	2568	 0.336	MN775995.1_MAG:_Torque_teno_midi_virus_isolate_SAfiA-35-139_ORF1_gene,_complete_cds
1969	2901	 0.336	MN770654.1_MAG:_TTV-like_mini_virus_isolate_SAfiA-532-9,_complete_genome
1970	2516	 0.335	MN776646.1_MAG:_Torque_teno_midi_virus_isolate_SAfiA-4-50_ORF1_gene,_complete_cds
1971	2572	 0.335	MN776368.1_MAG:_Torque_teno_midi_virus_isolate_SAfiA-116-61_ORF1_gene,_complete_cds
1972	2359	 0.335	MN776475.1_MAG:_Torque_teno_midi_virus_isolate_SAfiA-628-128_ORF1_gene,_complete_cds
1973	3004	 0.335	MN779243.1_MAG:_Torque_teno_midi_virus_isolate_SAfiA-442-3_ORF1_gene,_complete_cds
1974	2495	 0.335	MN779959.1_MAG:_Torque_teno_midi_virus_isolate_SAfiA-785-136_ORF1_gene,_complete_cds
1975	2613	 0.335	MN778895.1_MAG:_Torque_teno_midi_virus_isolate_SAfiA-556-35_ORF1_gene,_complete_cds
1976	2690	 0.334	MN768878.1_MAG:_Torque_teno_mini_virus_isolate_SAfiA-241-38,_complete_ORF1
1977	2626	 0.334	MN779140.1_MAG:_Torque_teno_midi_virus_isolate_SAfiA-33-39_ORF1_gene,_complete_cds
1978	2646	 0.334	MN778734.1_MAG:_Torque_teno_midi_virus_isolate_SAfiA-39-18_ORF1_gene,_complete_cds
1979	2609	 0.334	MN780336.1_MAG:_Torque_teno_midi_virus_isolate_SAfiA-867-388_ORF1_gene,_complete_cds
1980	2652	 0.334	MN775508.1_MAG:_Torque_teno_midi_virus_isolate_SAfiA-313A-48_ORF1_gene,_complete_cds
1981	2915	 0.334	MN769296.1_MAG:_TTV-like_mini_virus_isolate_SAfiA-378-7,_complete_genome
1982	2574	 0.334	MN776259.1_MAG:_Torque_teno_midi_virus_isolate_SAfiA-341-27_ORF1_gene,_complete_cds
1983	2490	 0.334	MN779455.1_MAG:_Torque_teno_midi_virus_isolate_SAfiA-593-95_ORF1_gene,_complete_cds
1984	2480	 0.334	MN779411.1_MAG:_Torque_teno_midi_virus_isolate_SAfiA-93-30_ORF1_gene,_complete_cds
1985	2507	 0.334	MN775769.1_MAG:_Torque_teno_midi_virus_isolate_SAfiA-123-66_ORF1_gene,_complete_cds
1986	2683	 0.334	MN778150.1_MAG:_Torque_teno_midi_virus_isolate_SAfiA-102-69_ORF1_gene,_complete_cds
1987	2709	 0.334	MN768600.1_MAG:_Torque_teno_mini_virus_isolate_SAfiA-674-14,_complete_ORF1
1988	2619	 0.333	MN778743.1_MAG:_Torque_teno_midi_virus_isolate_SAfiA-414-43_ORF1_gene,_complete_cds
1989	2621	 0.333	MN777139.1_MAG:_Torque_teno_midi_virus_isolate_SAfiA-81-47_ORF1_gene,_complete_cds
1990	2491	 0.333	MN775209.1_MAG:_Torque_teno_midi_virus_isolate_SAfiA-242-126_ORF1_gene,_complete_cds
1991	2609	 0.333	MN777183.1_MAG:_Torque_teno_midi_virus_isolate_SAfiA-517-13_ORF1_gene,_complete_cds
1992	2648	 0.333	MN777197.1_MAG:_Torque_teno_midi_virus_isolate_SAfiA-369-48_ORF1_gene,_complete_cds
1993	2647	 0.333	MN775743.1_MAG:_Torque_teno_midi_virus_isolate_SAfiA-297-129_ORF1_gene,_complete_cds
1994	2719	 0.333	MN778404.1_MAG:_Torque_teno_midi_virus_isolate_SAfiA-408-4_ORF1_gene,_complete_cds
1995	2561	 0.333	MN778013.1_MAG:_Torque_teno_midi_virus_isolate_SAfiA-388-281_ORF1_gene,_complete_cds
1996	2396	 0.333	MN777872.1_MAG:_Torque_teno_midi_virus_isolate_SAfiA-69B-101_ORF1_gene,_complete_cds
1997	2891	 0.333	MN770462.1_MAG:_TTV-like_mini_virus_isolate_SAfiA-124-25,_complete_genome
1998	2610	 0.333	MN778101.1_MAG:_Torque_teno_midi_virus_isolate_SAfiA-587-229_ORF1_gene,_complete_cds
1999	2742	 0.332	MN769616.1_MAG:_TTV-like_mini_virus_isolate_SAfiA-61-40,_complete_genome
2000	2629	 0.332	MN776425.1_MAG:_Torque_teno_midi_virus_isolate_SAfiA-126-14_ORF1_gene,_complete_cds
2001	2476	 0.332	MN775167.1_MAG:_Torque_teno_midi_virus_isolate_SAfiA-570-16_ORF1_gene,_complete_cds
2002	2747	 0.332	MN777941.1_MAG:_Torque_teno_midi_virus_isolate_SAfiA-627-5_ORF1_gene,_complete_cds
2003	2799	 0.332	MN768577.1_MAG:_Torque_teno_mini_virus_isolate_SAfiA-657-38,_complete_ORF1
2004	2511	 0.332	MN780184.1_MAG:_Torque_teno_midi_virus_isolate_SAfiA-275-114_ORF1_gene,_complete_cds
2005	2840	 0.332	MN769618.1_MAG:_TTV-like_mini_virus_isolate_SAfiA-615-686,_complete_genome
2006	2667	 0.332	MN777694.1_MAG:_Torque_teno_midi_virus_isolate_SAfiA-93-18_ORF1_gene,_complete_cds
2007	2650	 0.332	MN780087.1_MAG:_Torque_teno_midi_virus_isolate_SAfiA-624-28_ORF1_gene,_complete_cds
2008	2476	 0.332	MN776480.1_MAG:_Torque_teno_midi_virus_isolate_SAfiA-665-13_ORF1_gene,_complete_cds
2009	2648	 0.331	MN779082.1_MAG:_Torque_teno_midi_virus_isolate_SAfiA-644-24_ORF1_gene,_complete_cds
2010	2628	 0.331	MN776714.1_MAG:_Torque_teno_midi_virus_isolate_SAfiA-710-22_ORF1_gene,_complete_cds
2011	2618	 0.331	MN776746.1_MAG:_Torque_teno_midi_virus_isolate_SAfiA-488-16_ORF1_gene,_complete_cds
2012	2861	 0.331	MN770419.1_MAG:_TTV-like_mini_virus_isolate_SAfiA-307-5,_complete_genome
2013	2650	 0.331	MN778810.1_MAG:_Torque_teno_midi_virus_isolate_SAfiA-611-228_ORF1_gene,_complete_cds
2014	2793	 0.331	MN770652.1_MAG:_TTV-like_mini_virus_isolate_SAfiA-529-16,_complete_genome
2015	2837	 0.331	MN776888.1_MAG:_Torque_teno_midi_virus_isolate_SAfiA-503-2_ORF1_gene,_complete_cds
2016	2491	 0.331	MN775912.1_MAG:_Torque_teno_midi_virus_isolate_SAfiA-297-159_ORF1_gene,_complete_cds
2017	2690	 0.331	MN776488.1_MAG:_Torque_teno_midi_virus_isolate_SAfiA-833-19_ORF1_gene,_complete_cds
2018	2861	 0.330	MN769515.1_MAG:_TTV-like_mini_virus_isolate_SAfiA-57-26,_complete_genome
2019	2634	 0.330	MN777615.1_MAG:_Torque_teno_midi_virus_isolate_SAfiA-572-53_ORF1_gene,_complete_cds
2020	2952	 0.330	MN769230.1_MAG:_TTV-like_mini_virus_isolate_SAfiA-348-6,_complete_genome
2021	2663	 0.330	MN777060.1_MAG:_Torque_teno_midi_virus_isolate_SAfiA-554-14_ORF1_gene,_complete_cds
2022	2285	 0.330	MN777010.1_MAG:_Torque_teno_midi_virus_isolate_SAfiA-353-148_ORF1_gene,_complete_cds
2023	2541	 0.330	MN780214.1_MAG:_Torque_teno_midi_virus_isolate_SAfiA-373-32_ORF1_gene,_complete_cds
2024	3019	 0.329	MN776048.1_MAG:_Torque_teno_midi_virus_isolate_SAfiA-824-2_ORF1_gene,_complete_cds
2025	2686	 0.329	MN778723.1_MAG:_Torque_teno_midi_virus_isolate_SAfiA-37-15_ORF1_gene,_complete_cds
2026	2574	 0.329	MN775536.1_MAG:_Torque_teno_midi_virus_isolate_SAfiA-523-38_ORF1_gene,_complete_cds
2027	2720	 0.329	MN776837.1_MAG:_Torque_teno_midi_virus_isolate_SAfiA-581-58_ORF1_gene,_complete_cds
2028	2729	 0.329	MN775581.1_MAG:_Torque_teno_midi_virus_isolate_SAfiA-94-43_ORF1_gene,_complete_cds
2029	2488	 0.329	MN779570.1_MAG:_Torque_teno_midi_virus_isolate_SAfiA-621-25_ORF1_gene,_complete_cds
2030	2671	 0.329	MN778892.1_MAG:_Torque_teno_midi_virus_isolate_SAfiA-94-49_ORF1_gene,_complete_cds
2031	2647	 0.329	MN776816.1_MAG:_Torque_teno_midi_virus_isolate_SAfiA-449-18_ORF1_gene,_complete_cds
2032	2627	 0.329	MN775830.1_MAG:_Torque_teno_midi_virus_isolate_SAfiA-235-77_ORF1_gene,_complete_cds
2033	2633	 0.329	MN775169.1_MAG:_Torque_teno_midi_virus_isolate_SAfiA-572-55_ORF1_gene,_complete_cds
2034	2890	 0.328	MN768748.1_MAG:_Torque_teno_mini_virus_isolate_SAfiA-87-43,_complete_ORF1
2035	2911	 0.328	MN771273.1_MAG:_TTV-like_mini_virus_isolate_SAfiA-590-43,_complete_genome
2036	2702	 0.328	MN780347.1_MAG:_Torque_teno_midi_virus_isolate_SAfiA-346-65_ORF1_gene,_complete_cds
2037	2538	 0.328	MN777480.1_MAG:_Torque_teno_midi_virus_isolate_SAfiA-96-31_ORF1_gene,_complete_cds
2038	2556	 0.328	MN777009.1_MAG:_Torque_teno_midi_virus_isolate_SAfiA-353-115_ORF1_gene,_complete_cds
2039	2591	 0.328	MN776738.1_MAG:_Torque_teno_midi_virus_isolate_SAfiA-319-58_ORF1_gene,_complete_cds
2040	2659	 0.328	MN776855.1_MAG:_Torque_teno_midi_virus_isolate_SAfiA-610-32_ORF1_gene,_complete_cds
2041	2587	 0.327	MN778698.1_MAG:_Torque_teno_midi_virus_isolate_SAfiA-346-111_ORF1_gene,_complete_cds
2042	2455	 0.327	MN778422.1_MAG:_Torque_teno_midi_virus_isolate_SAfiA-581-101_ORF1_gene,_complete_cds
2043	2896	 0.327	MN770585.1_MAG:_TTV-like_mini_virus_isolate_SAfiA-37-6,_complete_genome
2044	2632	 0.327	MN776811.1_MAG:_Torque_teno_midi_virus_isolate_SAfiA-414-41_ORF1_gene,_complete_cds
2045	2602	 0.327	MN777409.1_MAG:_Torque_teno_midi_virus_isolate_SAfiA-445-16_ORF1_gene,_complete_cds
2046	2309	 0.327	MN165092.1_Torque_teno_midi_virus_isolate_Chzj04_hypothetical_protein_gene,_complete_cds
2047	2857	 0.327	MN774963.1_MAG:_Torque_teno_midi_virus_isolate_SAfiA-412-9,_complete_genome
2048	2374	 0.327	MN775437.1_MAG:_Torque_teno_midi_virus_isolate_SAfiA-442-60_ORF1_gene,_complete_cds
2049	2676	 0.327	MN775326.1_MAG:_Torque_teno_midi_virus_isolate_SAfiA-4-29_ORF1_gene,_complete_cds
2050	2727	 0.327	MN776442.1_MAG:_Torque_teno_midi_virus_isolate_SAfiA-349-57_ORF1_gene,_complete_cds
2051	2546	 0.327	MN777105.1_MAG:_Torque_teno_midi_virus_isolate_SAfiA-640-42_ORF1_gene,_complete_cds
2052	2812	 0.326	MN770117.1_MAG:_TTV-like_mini_virus_isolate_SAfiA-810-52,_complete_genome
2053	2679	 0.326	MN777162.1_MAG:_Torque_teno_midi_virus_isolate_SAfiA-380-110_ORF1_gene,_complete_cds
2054	2600	 0.326	MN776894.1_MAG:_Torque_teno_midi_virus_isolate_SAfiA-261-4_ORF1_gene,_complete_cds
2055	2545	 0.326	MN776561.1_MAG:_Torque_teno_midi_virus_isolate_SAfiA-625-48_ORF1_gene,_complete_cds
2056	2519	 0.326	MN777574.1_MAG:_Torque_teno_midi_virus_isolate_SAfiA-402-71_ORF1_gene,_complete_cds
2057	2800	 0.326	MN768797.1_MAG:_Torque_teno_mini_virus_isolate_SAfiA-822-9,_complete_ORF1
2058	2843	 0.325	MN771397.1_MAG:_TTV-like_mini_virus_isolate_SAfiA-128A-29,_complete_genome
2059	2675	 0.325	MN779320.1_MAG:_Torque_teno_midi_virus_isolate_SAfiA-628-48_ORF1_gene,_complete_cds
2060	2967	 0.325	MN769908.1_MAG:_TTV-like_mini_virus_isolate_SAfiA-349-20,_complete_genome
2061	2654	 0.325	MN776972.1_MAG:_Torque_teno_midi_virus_isolate_SAfiA-319-36_ORF1_gene,_complete_cds
2062	2410	 0.325	MN779385.1_MAG:_Torque_teno_midi_virus_isolate_SAfiA-578-92_ORF1_gene,_complete_cds
2063	2872	 0.325	MN769707.1_MAG:_TTV-like_mini_virus_isolate_SAfiA-70-20,_complete_genome
2064	2953	 0.325	MN769468.1_MAG:_TTV-like_mini_virus_isolate_SAfiA-532-6,_complete_genome
2065	2495	 0.325	MN776492.1_MAG:_Torque_teno_midi_virus_isolate_SAfiA-94-69_ORF1_gene,_complete_cds
2066	2638	 0.324	MN780067.1_MAG:_Torque_teno_midi_virus_isolate_SAfiA-868-33_ORF1_gene,_complete_cds
2067	2913	 0.324	MN769470.1_MAG:_TTV-like_mini_virus_isolate_SAfiA-535-7,_complete_genome
2068	2955	 0.324	MN776887.1_MAG:_Torque_teno_midi_virus_isolate_SAfiA-388-81_ORF1_gene,_complete_cds
2069	2905	 0.324	MN770730.1_MAG:_TTV-like_mini_virus_isolate_SAfiA-643-5,_complete_genome
2070	2582	 0.324	MN778315.1_MAG:_Torque_teno_midi_virus_isolate_SAfiA-651-59_ORF1_gene,_complete_cds
2071	2635	 0.324	MN775093.1_MAG:_Torque_teno_midi_virus_isolate_SAfiA-234-32_ORF1_gene,_complete_cds
2072	2847	 0.324	MN769069.1_MAG:_TTV-like_mini_virus_isolate_SAfiA-124-32,_complete_genome
2073	2637	 0.324	MN778532.1_MAG:_Torque_teno_midi_virus_isolate_SAfiA-423-12_ORF1_gene,_complete_cds
2074	2369	 0.324	MN775763.1_MAG:_Torque_teno_midi_virus_isolate_SAfiA-615-1175_ORF1_gene,_complete_cds
2075	2576	 0.324	MN778161.1_MAG:_Torque_teno_midi_virus_isolate_SAfiA-128A-36_ORF1_gene,_complete_cds
2076	2707	 0.324	MN775333.1_MAG:_Torque_teno_midi_virus_isolate_SAfiA-785-118_ORF1_gene,_complete_cds
2077	2497	 0.324	MN775170.1_MAG:_Torque_teno_midi_virus_isolate_SAfiA-577-283_ORF1_gene,_complete_cds
2078	2937	 0.324	MN771002.1_MAG:_TTV-like_mini_virus_isolate_SAfiA-587-29,_complete_genome
2079	2528	 0.324	MN779588.1_MAG:_Torque_teno_midi_virus_isolate_SAfiA-621-21_ORF1_gene,_complete_cds
2080	2896	 0.323	MN770616.1_MAG:_TTV-like_mini_virus_isolate_SAfiA-396-9,_complete_genome
2081	2722	 0.323	MN778935.1_MAG:_Torque_teno_midi_virus_isolate_SAfiA-707-6_ORF1_gene,_complete_cds
2082	2528	 0.323	MN776787.1_MAG:_Torque_teno_midi_virus_isolate_SAfiA-341-32_ORF1_gene,_complete_cds
2083	2748	 0.323	MN770493.1_MAG:_TTV-like_mini_virus_isolate_SAfiA-254-34,_complete_genome
2084	2650	 0.323	MN776229.1_MAG:_Torque_teno_midi_virus_isolate_SAfiA-640-28_ORF1_gene,_complete_cds
2085	2606	 0.323	MN776850.1_MAG:_Torque_teno_midi_virus_isolate_SAfiA-5A-35_ORF1_gene,_complete_cds
2086	2608	 0.323	MN777715.1_MAG:_Torque_teno_midi_virus_isolate_SAfiA-106A-44_ORF1_gene,_complete_cds
2087	2702	 0.323	MN779446.1_MAG:_Torque_teno_midi_virus_isolate_SAfiA-526-13_ORF1_gene,_complete_cds
2088	2672	 0.323	MN777087.1_MAG:_Torque_teno_midi_virus_isolate_SAfiA-611-219_ORF1_gene,_complete_cds
2089	2964	 0.323	MN780382.1_MAG:_Torque_teno_midi_virus_isolate_SAfiA-636-78_ORF1_gene,_complete_cds
2090	2909	 0.322	MN771047.1_MAG:_TTV-like_mini_virus_isolate_SAfiA-388-67,_complete_genome
2091	2625	 0.322	MN778775.1_MAG:_Torque_teno_midi_virus_isolate_SAfiA-523-33_ORF1_gene,_complete_cds
2092	2756	 0.322	MN777654.1_MAG:_Torque_teno_midi_virus_isolate_SAfiA-616-28_ORF1_gene,_complete_cds
2093	2802	 0.322	MN770273.1_MAG:_TTV-like_mini_virus_isolate_SAfiA-824-3,_complete_genome
2094	2967	 0.322	MN769474.1_MAG:_TTV-like_mini_virus_isolate_SAfiA-542-18,_complete_genome
2095	2613	 0.322	MN778800.1_MAG:_Torque_teno_midi_virus_isolate_SAfiA-593-42_ORF1_gene,_complete_cds
2096	2623	 0.322	MN776239.1_MAG:_Torque_teno_midi_virus_isolate_SAfiA-70-38_ORF1_gene,_complete_cds
2097	2961	 0.322	MZ286116.1_Anelloviridae_sp._isolate_SP37_C4,_complete_genome
2098	2765	 0.322	MN769254.1_MAG:_TTV-like_mini_virus_isolate_SAfiA-354-4,_complete_genome
2099	2652	 0.321	MN777590.1_MAG:_Torque_teno_midi_virus_isolate_SAfiA-475-23_ORF1_gene,_complete_cds
2100	2609	 0.321	MN779882.1_MAG:_Torque_teno_midi_virus_isolate_SAfiA-37-18_ORF1_gene,_complete_cds
2101	2717	 0.321	MN775299.1_MAG:_Torque_teno_midi_virus_isolate_SAfiA-785-111_ORF1_gene,_complete_cds
2102	2702	 0.321	MN768763.1_MAG:_Torque_teno_mini_virus_isolate_SAfiA-88-43,_complete_ORF1
2103	2557	 0.321	MN779640.1_MAG:_Torque_teno_midi_virus_isolate_SAfiA-334-64_ORF1_gene,_complete_cds
2104	2554	 0.321	MN775889.1_MAG:_Torque_teno_midi_virus_isolate_SAfiA-234-44_ORF1_gene,_complete_cds
2105	3048	 0.321	MN780010.1_MAG:_Torque_teno_midi_virus_isolate_SAfiA-845-0_ORF1_gene,_complete_cds
2106	2578	 0.321	MN777236.1_MAG:_Torque_teno_midi_virus_isolate_SAfiA-315-52_ORF1_gene,_complete_cds
2107	2639	 0.321	MN778864.1_MAG:_Torque_teno_midi_virus_isolate_SAfiA-785-128_ORF1_gene,_complete_cds
2108	2959	 0.321	MN769042.1_MAG:_TTV-like_mini_virus_isolate_SAfiA-104-8,_complete_genome
2109	2725	 0.321	MN768889.1_MAG:_Torque_teno_mini_virus_isolate_SAfiA-242-42,_complete_ORF1
2110	2586	 0.320	MN777538.1_MAG:_Torque_teno_midi_virus_isolate_SAfiA-342-36_ORF1_gene,_complete_cds
2111	2649	 0.320	MN777098.1_MAG:_Torque_teno_midi_virus_isolate_SAfiA-626-40_ORF1_gene,_complete_cds
2112	2865	 0.320	MN770053.1_MAG:_TTV-like_mini_virus_isolate_SAfiA-333-17,_complete_genome
2113	2560	 0.320	MN775580.1_MAG:_Torque_teno_midi_virus_isolate_SAfiA-92-24_ORF1_gene,_complete_cds
2114	2628	 0.320	MN776382.1_MAG:_Torque_teno_midi_virus_isolate_SAfiA-679-25_ORF1_gene,_complete_cds
2115	2860	 0.320	MN771166.1_MAG:_TTV-like_mini_virus_isolate_SAfiA-686-17,_complete_genome
2116	2680	 0.320	MN778230.1_MAG:_Torque_teno_midi_virus_isolate_SAfiA-403-15_ORF1_gene,_complete_cds
2117	2596	 0.320	MN775531.1_MAG:_Torque_teno_midi_virus_isolate_SAfiA-461-19_ORF1_gene,_complete_cds
2118	2630	 0.320	MN777519.1_MAG:_Torque_teno_midi_virus_isolate_SAfiA-312-20_ORF1_gene,_complete_cds
2119	2712	 0.320	MN768574.1_MAG:_Torque_teno_mini_virus_isolate_SAfiA-656-17,_complete_ORF1
2120	2631	 0.320	MN776508.1_MAG:_Torque_teno_midi_virus_isolate_SAfiA-242-67_ORF1_gene,_complete_cds
2121	2877	 0.320	MN769523.1_MAG:_TTV-like_mini_virus_isolate_SAfiA-573-34,_complete_genome
2122	2721	 0.320	MN776980.1_MAG:_Torque_teno_midi_virus_isolate_SAfiA-317-19_ORF1_gene,_complete_cds
2123	2809	 0.320	MN780464.1_MAG:_Torque_teno_midi_virus_isolate_SAfiA-659-19_ORF1_gene,_complete_cds
2124	2810	 0.319	MZ286235.1_Anelloviridae_sp._isolate_SP7_C5,_complete_genome
2125	2768	 0.319	MN780045.1_MAG:_Torque_teno_midi_virus_isolate_SAfiA-522-12_ORF1_gene,_complete_cds
2126	2900	 0.319	MN769580.1_MAG:_TTV-like_mini_virus_isolate_SAfiA-590-71,_complete_genome
2127	2675	 0.319	MN777177.1_MAG:_Torque_teno_midi_virus_isolate_SAfiA-870-17_ORF1_gene,_complete_cds
2128	2971	 0.319	MN775520.1_MAG:_Torque_teno_midi_virus_isolate_SAfiA-363-6_ORF1_gene,_complete_cds
2129	2534	 0.319	MN776002.1_MAG:_Torque_teno_midi_virus_isolate_SAfiA-380-184_ORF1_gene,_complete_cds
2130	2505	 0.319	MN777550.1_MAG:_Torque_teno_midi_virus_isolate_SAfiA-35-160_ORF1_gene,_complete_cds
2131	2509	 0.319	MN779960.1_MAG:_Torque_teno_midi_virus_isolate_SAfiA-786-28_ORF1_gene,_complete_cds
2132	2627	 0.319	MN780228.1_MAG:_Torque_teno_midi_virus_isolate_SAfiA-415-11_ORF1_gene,_complete_cds
2133	2971	 0.319	MN769802.1_MAG:_TTV-like_mini_virus_isolate_SAfiA-879-6,_complete_genome
2134	2615	 0.319	MN778269.1_MAG:_Torque_teno_midi_virus_isolate_SAfiA-587-225_ORF1_gene,_complete_cds
2135	2782	 0.318	MN771452.1_MAG:_TTV-like_mini_virus_isolate_SAfiA-552-53,_complete_genome
2136	2636	 0.318	MN776869.1_MAG:_Torque_teno_midi_virus_isolate_SAfiA-699-17_ORF1_gene,_complete_cds
2137	2607	 0.318	MN776292.1_MAG:_Torque_teno_midi_virus_isolate_SAfiA-61-39_ORF1_gene,_complete_cds
2138	2717	 0.318	MN775655.1_MAG:_Torque_teno_midi_virus_isolate_SAfiA-484-14_ORF1_gene,_complete_cds
2139	2652	 0.318	MN776781.1_MAG:_Torque_teno_midi_virus_isolate_SAfiA-302-21_ORF1_gene,_complete_cds
2140	2653	 0.318	MN768689.1_MAG:_Torque_teno_mini_virus_isolate_SAfiA-789-22,_complete_ORF1
2141	2796	 0.318	MN770922.1_MAG:_TTV-like_mini_virus_isolate_SAfiA-124-42,_complete_genome
2142	2819	 0.318	MN771477.1_MAG:_TTV-like_mini_virus_isolate_SAfiA-618-13,_complete_genome
2143	2929	 0.318	MN771454.1_MAG:_TTV-like_mini_virus_isolate_SAfiA-57-22,_complete_genome
2144	2334	 0.318	MN777452.1_MAG:_Torque_teno_midi_virus_isolate_SAfiA-62-7_ORF1_gene,_complete_cds
2145	2624	 0.318	MN775849.1_MAG:_Torque_teno_midi_virus_isolate_SAfiA-458A-15_ORF1_gene,_complete_cds
2146	2539	 0.317	MN775435.1_MAG:_Torque_teno_midi_virus_isolate_SAfiA-414-60_ORF1_gene,_complete_cds
2147	2655	 0.317	MN777148.1_MAG:_Torque_teno_midi_virus_isolate_SAfiA-87-80_ORF1_gene,_complete_cds
2148	2580	 0.317	MN775186.1_MAG:_Torque_teno_midi_virus_isolate_SAfiA-74-16_ORF1_gene,_complete_cds
2149	2770	 0.317	MN768987.1_MAG:_Torque_teno_mini_virus_isolate_SAfiA-306A-41,_complete_ORF1
2150	3078	 0.317	MN779750.1_MAG:_Torque_teno_midi_virus_isolate_SAfiA-64-2_ORF1_gene,_complete_cds
2151	2699	 0.317	MN775037.1_MAG:_Torque_teno_midi_virus_isolate_SAfiA-365-30_ORF1_gene,_complete_cds
2152	2863	 0.317	MN771019.1_MAG:_TTV-like_mini_virus_isolate_SAfiA-678-7,_complete_genome
2153	2602	 0.317	MN777181.1_MAG:_Torque_teno_midi_virus_isolate_SAfiA-367-59_ORF1_gene,_complete_cds
2154	2889	 0.317	MN770464.1_MAG:_TTV-like_mini_virus_isolate_SAfiA-128A-25,_complete_genome
2155	2660	 0.317	MN778876.1_MAG:_Torque_teno_midi_virus_isolate_SAfiA-842-14_ORF1_gene,_complete_cds
2156	2869	 0.316	MN768775.1_MAG:_Torque_teno_mini_virus_isolate_SAfiA-97-10,_complete_ORF1
2157	2901	 0.316	MN770412.1_MAG:_TTV-like_mini_virus_isolate_SAfiA-813-450,_complete_genome
2158	2570	 0.316	MN775013.1_MAG:_Torque_teno_midi_virus_isolate_SAfiA-311-34_ORF1_gene,_complete_cds
2159	2905	 0.316	MN770631.1_MAG:_TTV-like_mini_virus_isolate_SAfiA-446-11,_complete_genome
2160	2467	 0.316	MN776409.1_MAG:_Torque_teno_midi_virus_isolate_SAfiA-51-54_ORF1_gene,_complete_cds
2161	2523	 0.316	MN779012.1_MAG:_Torque_teno_midi_virus_isolate_SAfiA-666-35_ORF1_gene,_complete_cds
2162	2906	 0.315	MN769560.1_MAG:_TTV-like_mini_virus_isolate_SAfiA-587-41,_complete_genome
2163	2601	 0.315	MN775892.1_MAG:_Torque_teno_midi_virus_isolate_SAfiA-315-50_ORF1_gene,_complete_cds
2164	2582	 0.315	MN778206.1_MAG:_Torque_teno_midi_virus_isolate_SAfiA-353-107_ORF1_gene,_complete_cds
2165	2896	 0.315	MN777944.1_MAG:_Torque_teno_midi_virus_isolate_SAfiA-691-13_ORF1_gene,_complete_cds
2166	2609	 0.315	MN778435.1_MAG:_Torque_teno_midi_virus_isolate_SAfiA-610-41_ORF1_gene,_complete_cds
2167	2604	 0.315	MN775235.1_MAG:_Torque_teno_midi_virus_isolate_SAfiA-369-62_ORF1_gene,_complete_cds
2168	2444	 0.315	MN776779.1_MAG:_Torque_teno_midi_virus_isolate_SAfiA-277-60_ORF1_gene,_complete_cds
2169	2693	 0.315	MN779607.1_MAG:_Torque_teno_midi_virus_isolate_SAfiA-241-40_ORF1_gene,_complete_cds
2170	2787	 0.315	MN778840.1_MAG:_Torque_teno_midi_virus_isolate_SAfiA-68-13_ORF1_gene,_complete_cds
2171	2910	 0.315	MN769774.1_MAG:_TTV-like_mini_virus_isolate_SAfiA-858-95,_complete_genome
2172	2962	 0.315	MN769968.1_MAG:_TTV-like_mini_virus_isolate_SAfiA-587-30,_complete_genome
2173	2923	 0.314	MN769753.1_MAG:_TTV-like_mini_virus_isolate_SAfiA-822-11,_complete_genome
2174	2501	 0.314	MN777617.1_MAG:_Torque_teno_midi_virus_isolate_SAfiA-57-65_ORF1_gene,_complete_cds
2175	2687	 0.314	MN779402.1_MAG:_Torque_teno_midi_virus_isolate_SAfiA-676-41_ORF1_gene,_complete_cds
2176	2665	 0.314	MN779708.1_MAG:_Torque_teno_midi_virus_isolate_SAfiA-569-74_ORF1_gene,_complete_cds
2177	2719	 0.313	MN777145.1_MAG:_Torque_teno_midi_virus_isolate_SAfiA-868-29_ORF1_gene,_complete_cds
2178	2592	 0.313	MN778615.1_MAG:_Torque_teno_midi_virus_isolate_SAfiA-869-4_ORF1_gene,_complete_cds
2179	2544	 0.313	MN779699.1_MAG:_Torque_teno_midi_virus_isolate_SAfiA-51-47_ORF1_gene,_complete_cds
2180	2685	 0.313	MN779763.1_MAG:_Torque_teno_midi_virus_isolate_SAfiA-694-2_ORF1_gene,_complete_cds
2181	2413	 0.313	MN779158.1_MAG:_Torque_teno_midi_virus_isolate_SAfiA-380-219_ORF1_gene,_complete_cds
2182	2867	 0.313	MN770134.1_MAG:_TTV-like_mini_virus_isolate_SAfiA-297-101,_complete_genome
2183	2632	 0.313	MN775484.1_MAG:_Torque_teno_midi_virus_isolate_SAfiA-595-53_ORF1_gene,_complete_cds
2184	2613	 0.313	MN779081.1_MAG:_Torque_teno_midi_virus_isolate_SAfiA-628-74_ORF1_gene,_complete_cds
2185	2616	 0.312	MN776205.1_MAG:_Torque_teno_midi_virus_isolate_SAfiA-555-19_ORF1_gene,_complete_cds
2186	2659	 0.312	MN775133.1_MAG:_Torque_teno_midi_virus_isolate_SAfiA-272-18_ORF1_gene,_complete_cds
2187	2683	 0.312	MN778647.1_MAG:_Torque_teno_midi_virus_isolate_SAfiA-238-23_ORF1_gene,_complete_cds
2188	2975	 0.312	MN778831.1_MAG:_Torque_teno_midi_virus_isolate_SAfiA-659-10_ORF1_gene,_complete_cds
2189	2616	 0.312	MN777415.1_MAG:_Torque_teno_midi_virus_isolate_SAfiA-476-19_ORF1_gene,_complete_cds
2190	2834	 0.312	MN768570.1_MAG:_Torque_teno_mini_virus_isolate_SAfiA-654-7,_complete_ORF1
2191	2431	 0.312	MN778737.1_MAG:_Torque_teno_midi_virus_isolate_SAfiA-396-46_ORF1_gene,_complete_cds
2192	2620	 0.312	MN778452.1_MAG:_Torque_teno_midi_virus_isolate_SAfiA-741-4_ORF1_gene,_complete_cds
2193	2637	 0.312	MN777320.1_MAG:_Torque_teno_midi_virus_isolate_SAfiA-469-16_ORF1_gene,_complete_cds
2194	2884	 0.312	MN771281.1_MAG:_TTV-like_mini_virus_isolate_SAfiA-6-19,_complete_genome
2195	3096	 0.311	MN777947.1_MAG:_Torque_teno_midi_virus_isolate_SAfiA-539-3_ORF1_gene,_complete_cds
2196	2966	 0.311	MN769762.1_MAG:_TTV-like_mini_virus_isolate_SAfiA-842-2,_complete_genome
2197	2600	 0.311	MN777667.1_MAG:_Torque_teno_midi_virus_isolate_SAfiA-651-56_ORF1_gene,_complete_cds
2198	2650	 0.311	MN776113.1_MAG:_Torque_teno_midi_virus_isolate_SAfiA-224-38_ORF1_gene,_complete_cds
2199	2632	 0.311	MN780193.1_MAG:_Torque_teno_midi_virus_isolate_SAfiA-334-49_ORF1_gene,_complete_cds
2200	2821	 0.311	MN770104.1_MAG:_TTV-like_mini_virus_isolate_SAfiA-611-157,_complete_genome
2201	2489	 0.311	MN780218.1_MAG:_Torque_teno_midi_virus_isolate_SAfiA-380-202_ORF1_gene,_complete_cds
2202	2682	 0.311	MN778183.1_MAG:_Torque_teno_midi_virus_isolate_SAfiA-315-37_ORF1_gene,_complete_cds
2203	2672	 0.311	MN775325.1_MAG:_Torque_teno_midi_virus_isolate_SAfiA-414-33_ORF1_gene,_complete_cds
2204	2632	 0.311	MN768591.1_MAG:_Torque_teno_mini_virus_isolate_SAfiA-667-27,_complete_ORF1
2205	2701	 0.311	MN776959.1_MAG:_Torque_teno_midi_virus_isolate_SAfiA-33-25_ORF1_gene,_complete_cds
2206	2630	 0.310	MN780225.1_MAG:_Torque_teno_midi_virus_isolate_SAfiA-396-25_ORF1_gene,_complete_cds
2207	2541	 0.310	MN776718.1_MAG:_Torque_teno_midi_virus_isolate_SAfiA-783-10_ORF1_gene,_complete_cds
2208	2916	 0.310	MN771311.1_MAG:_TTV-like_mini_virus_isolate_SAfiA-122-3,_complete_genome
2209	2907	 0.310	MN770328.1_MAG:_TTV-like_mini_virus_isolate_SAfiA-666-11,_complete_genome
2210	2617	 0.310	MN780107.1_MAG:_Torque_teno_midi_virus_isolate_SAfiA-611-253_ORF1_gene,_complete_cds
2211	2828	 0.310	MN771401.1_MAG:_TTV-like_mini_virus_isolate_SAfiA-266-17,_complete_genome
2212	2467	 0.310	MN775095.1_MAG:_Torque_teno_midi_virus_isolate_SAfiA-254-136_ORF1_gene,_complete_cds
2213	2501	 0.310	MN780207.1_MAG:_Torque_teno_midi_virus_isolate_SAfiA-353-134_ORF1_gene,_complete_cds
2214	2781	 0.310	MN768718.1_MAG:_Torque_teno_mini_virus_isolate_SAfiA-838-12,_complete_ORF1
2215	2640	 0.309	MN778554.1_MAG:_Torque_teno_midi_virus_isolate_SAfiA-58-7_ORF1_gene,_complete_cds
2216	2859	 0.309	MN771084.1_MAG:_TTV-like_mini_virus_isolate_SAfiA-230-14,_complete_genome
2217	2504	 0.309	MN779132.1_MAG:_Torque_teno_midi_virus_isolate_SAfiA-297-155_ORF1_gene,_complete_cds
2218	2777	 0.309	MZ286214.1_Anelloviridae_sp._isolate_SP56_C7,_complete_genome
2219	2864	 0.309	MN769134.1_MAG:_TTV-like_mini_virus_isolate_SAfiA-257-13,_complete_genome
2220	2904	 0.309	MN770752.1_MAG:_TTV-like_mini_virus_isolate_SAfiA-687-9,_complete_genome
2221	2389	 0.309	MN776432.1_MAG:_Torque_teno_midi_virus_isolate_SAfiA-242-134_ORF1_gene,_complete_cds
2222	2690	 0.309	MN770269.1_MAG:_TTV-like_mini_virus_isolate_SAfiA-615-1004,_complete_genome
2223	2842	 0.309	MN769567.1_MAG:_TTV-like_mini_virus_isolate_SAfiA-587-78,_complete_genome
2224	2842	 0.309	MN770782.1_MAG:_TTV-like_mini_virus_isolate_SAfiA-842-8,_complete_genome
2225	2624	 0.309	MN775884.1_MAG:_Torque_teno_midi_virus_isolate_SAfiA-77-187_ORF1_gene,_complete_cds
2226	2180	 0.309	MN776745.1_MAG:_Torque_teno_midi_virus_isolate_SAfiA-485-86_ORF1_gene,_complete_cds
2227	2497	 0.308	MN777613.1_MAG:_Torque_teno_midi_virus_isolate_SAfiA-566-56_ORF1_gene,_complete_cds
2228	2835	 0.308	MN768795.1_MAG:_Torque_teno_mini_virus_isolate_SAfiA-822-16,_complete_ORF1
2229	2852	 0.308	MN768693.1_MAG:_Torque_teno_mini_virus_isolate_SAfiA-801-6,_complete_ORF1
2230	2830	 0.308	MN770912.1_MAG:_TTV-like_mini_virus_isolate_SAfiA-526-11,_complete_genome
2231	2677	 0.308	MN779781.1_MAG:_Torque_teno_midi_virus_isolate_SAfiA-811-235_ORF1_gene,_complete_cds
2232	2842	 0.308	MN771061.1_MAG:_TTV-like_mini_virus_isolate_SAfiA-380-54,_complete_genome
2233	2516	 0.308	MN775526.1_MAG:_Torque_teno_midi_virus_isolate_SAfiA-388-296_ORF1_gene,_complete_cds
2234	2475	 0.308	MN777240.1_MAG:_Torque_teno_midi_virus_isolate_SAfiA-35-164_ORF1_gene,_complete_cds
2235	2717	 0.308	MN779229.1_MAG:_Torque_teno_midi_virus_isolate_SAfiA-859-26_ORF1_gene,_complete_cds
2236	2585	 0.308	MN779769.1_MAG:_Torque_teno_midi_virus_isolate_SAfiA-712-8_ORF1_gene,_complete_cds
2237	2883	 0.307	MN770364.1_MAG:_TTV-like_mini_virus_isolate_SAfiA-388-62,_complete_genome
2238	2639	 0.307	MN779129.1_MAG:_Torque_teno_midi_virus_isolate_SAfiA-267-33_ORF1_gene,_complete_cds
2239	2637	 0.307	MN780170.1_MAG:_Torque_teno_midi_virus_isolate_SAfiA-247-45_ORF1_gene,_complete_cds
2240	2815	 0.307	MN770971.1_MAG:_TTV-like_mini_virus_isolate_SAfiA-275-59,_complete_genome
2241	2585	 0.307	MN768879.1_MAG:_Torque_teno_mini_virus_isolate_SAfiA-241-43,_complete_ORF1
2242	3181	 0.307	MZ286177.1_Anelloviridae_sp._isolate_SP49_C2,_complete_genome
2243	2489	 0.307	MN780008.1_MAG:_Torque_teno_midi_virus_isolate_SAfiA-73-11_ORF1_gene,_complete_cds
2244	2718	 0.307	MN778577.1_MAG:_Torque_teno_midi_virus_isolate_SAfiA-634-28_ORF1_gene,_complete_cds
2245	2542	 0.307	MN779100.1_MAG:_Torque_teno_midi_virus_isolate_SAfiA-123-61_ORF1_gene,_complete_cds
2246	2712	 0.306	MN778844.1_MAG:_Torque_teno_midi_virus_isolate_SAfiA-700-7_ORF1_gene,_complete_cds
2247	2918	 0.306	MN770029.1_MAG:_TTV-like_mini_virus_isolate_SAfiA-894-24,_complete_genome
2248	2787	 0.306	MN770728.1_MAG:_TTV-like_mini_virus_isolate_SAfiA-634-22,_complete_genome
2249	2294	 0.306	MN777794.1_MAG:_Torque_teno_midi_virus_isolate_SAfiA-374-17_ORF1_gene,_complete_cds
2250	2603	 0.306	MN780312.1_MAG:_Torque_teno_midi_virus_isolate_SAfiA-640-36_ORF1_gene,_complete_cds
2251	2990	 0.306	MN770983.1_MAG:_TTV-like_mini_virus_isolate_SAfiA-349-8,_complete_genome
2252	2611	 0.306	MN775878.1_MAG:_Torque_teno_midi_virus_isolate_SAfiA-644-34_ORF1_gene,_complete_cds
2253	2674	 0.306	MN778654.1_MAG:_Torque_teno_midi_virus_isolate_SAfiA-247-40_ORF1_gene,_complete_cds
2254	2930	 0.306	MN769502.1_MAG:_TTV-like_mini_virus_isolate_SAfiA-567-15,_complete_genome
2255	2737	 0.306	MN777365.1_MAG:_Torque_teno_midi_virus_isolate_SAfiA-314-29_ORF1_gene,_complete_cds
2256	2611	 0.306	MN780090.1_MAG:_Torque_teno_midi_virus_isolate_SAfiA-640-35_ORF1_gene,_complete_cds
2257	2500	 0.306	MN775646.1_MAG:_Torque_teno_midi_virus_isolate_SAfiA-39-38_ORF1_gene,_complete_cds
2258	2529	 0.306	MN775920.1_MAG:_Torque_teno_midi_virus_isolate_SAfiA-353-123_ORF1_gene,_complete_cds
2259	2422	 0.306	MN780470.1_MAG:_Torque_teno_midi_virus_isolate_SAfiA-485-73_ORF1_gene,_complete_cds
2260	2486	 0.306	MN776428.1_MAG:_Torque_teno_midi_virus_isolate_SAfiA-234-36_ORF1_gene,_complete_cds
2261	2619	 0.305	MN775908.1_MAG:_Torque_teno_midi_virus_isolate_SAfiA-130-27_ORF1_gene,_complete_cds
2262	2600	 0.305	MN778231.1_MAG:_Torque_teno_midi_virus_isolate_SAfiA-414-48_ORF1_gene,_complete_cds
2263	2432	 0.305	MN776098.1_MAG:_Torque_teno_midi_virus_isolate_SAfiA-872-4_ORF1_gene,_complete_cds
2264	2692	 0.305	MN779712.1_MAG:_Torque_teno_midi_virus_isolate_SAfiA-577-178_ORF1_gene,_complete_cds
2265	2719	 0.305	MN768828.1_MAG:_Torque_teno_mini_virus_isolate_SAfiA-76-5,_complete_ORF1
2266	2572	 0.305	MN778356.1_MAG:_Torque_teno_midi_virus_isolate_SAfiA-121-30_ORF1_gene,_complete_cds
2267	2626	 0.305	MN780161.1_MAG:_Torque_teno_midi_virus_isolate_SAfiA-125-22_ORF1_gene,_complete_cds
2268	2755	 0.305	MN778662.1_MAG:_Torque_teno_midi_virus_isolate_SAfiA-274-35_ORF1_gene,_complete_cds
2269	2433	 0.304	MN776198.1_MAG:_Torque_teno_midi_virus_isolate_SAfiA-501-14_ORF1_gene,_complete_cds
2270	2609	 0.304	MN778094.1_MAG:_Torque_teno_midi_virus_isolate_SAfiA-721-38_ORF1_gene,_complete_cds
2271	2755	 0.304	MN777132.1_MAG:_Torque_teno_midi_virus_isolate_SAfiA-778-23_ORF1_gene,_complete_cds
2272	2827	 0.304	MN770272.1_MAG:_TTV-like_mini_virus_isolate_SAfiA-658-14,_complete_genome
2273	2967	 0.304	MN769490.1_MAG:_TTV-like_mini_virus_isolate_SAfiA-55-9,_complete_genome
2274	2943	 0.304	MN779253.1_MAG:_Torque_teno_midi_virus_isolate_SAfiA-634-18_ORF1_gene,_complete_cds
2275	2980	 0.304	MN775969.1_MAG:_Torque_teno_midi_virus_isolate_SAfiA-311-15_ORF1_gene,_complete_cds
2276	2603	 0.303	MN776571.1_MAG:_Torque_teno_midi_virus_isolate_SAfiA-77-195_ORF1_gene,_complete_cds
2277	2872	 0.303	MN769342.1_MAG:_TTV-like_mini_virus_isolate_SAfiA-397-6,_complete_genome
2278	2608	 0.303	MN778830.1_MAG:_Torque_teno_midi_virus_isolate_SAfiA-650-13_ORF1_gene,_complete_cds
2279	2300	 0.303	MN775987.1_MAG:_Torque_teno_midi_virus_isolate_SAfiA-327-37_ORF1_gene,_complete_cds
2280	2583	 0.303	MN777233.1_MAG:_Torque_teno_midi_virus_isolate_SAfiA-254-54_ORF1_gene,_complete_cds
2281	2417	 0.303	MN778700.1_MAG:_Torque_teno_midi_virus_isolate_SAfiA-346-201_ORF1_gene,_complete_cds
2282	2875	 0.303	MN770491.1_MAG:_TTV-like_mini_virus_isolate_SAfiA-252-14,_complete_genome
2283	2649	 0.303	MN778571.1_MAG:_Torque_teno_midi_virus_isolate_SAfiA-625-29_ORF1_gene,_complete_cds
2284	2709	 0.303	MN775055.1_MAG:_Torque_teno_midi_virus_isolate_SAfiA-95A-28_ORF1_gene,_complete_cds
2285	2648	 0.302	MN779163.1_MAG:_Torque_teno_midi_virus_isolate_SAfiA-401-39_ORF1_gene,_complete_cds
2286	2502	 0.302	MN777659.1_MAG:_Torque_teno_midi_virus_isolate_SAfiA-628-115_ORF1_gene,_complete_cds
2287	2520	 0.302	MN778097.1_MAG:_Torque_teno_midi_virus_isolate_SAfiA-334-73_ORF1_gene,_complete_cds
2288	2595	 0.302	MN775461.1_MAG:_Torque_teno_midi_virus_isolate_SAfiA-232-31_ORF1_gene,_complete_cds
2289	2481	 0.302	MN776813.1_MAG:_Torque_teno_midi_virus_isolate_SAfiA-415-15_ORF1_gene,_complete_cds
2290	2668	 0.302	MN775473.1_MAG:_Torque_teno_midi_virus_isolate_SAfiA-401-37_ORF1_gene,_complete_cds
2291	2502	 0.302	MN777816.1_MAG:_Torque_teno_midi_virus_isolate_SAfiA-480-11_ORF1_gene,_complete_cds
2292	2604	 0.302	MN779008.1_MAG:_Torque_teno_midi_virus_isolate_SAfiA-638-12_ORF1_gene,_complete_cds
2293	2634	 0.302	MN776264.1_MAG:_Torque_teno_midi_virus_isolate_SAfiA-361-59_ORF1_gene,_complete_cds
2294	2565	 0.302	MN777650.1_MAG:_Torque_teno_midi_virus_isolate_SAfiA-615-1026_ORF1_gene,_complete_cds
2295	2546	 0.302	MN777770.1_MAG:_Torque_teno_midi_virus_isolate_SAfiA-313A-69_ORF1_gene,_complete_cds
2296	2549	 0.301	MN778868.1_MAG:_Torque_teno_midi_virus_isolate_SAfiA-81-54_ORF1_gene,_complete_cds
2297	2564	 0.301	MN776732.1_MAG:_Torque_teno_midi_virus_isolate_SAfiA-263-44_ORF1_gene,_complete_cds
2298	2923	 0.301	MN769189.1_MAG:_TTV-like_mini_virus_isolate_SAfiA-32-0,_complete_genome
2299	2646	 0.301	MN780096.1_MAG:_Torque_teno_midi_virus_isolate_SAfiA-830-3_ORF1_gene,_complete_cds
2300	2621	 0.301	MN776464.1_MAG:_Torque_teno_midi_virus_isolate_SAfiA-569-83_ORF1_gene,_complete_cds
2301	2577	 0.301	MN777693.1_MAG:_Torque_teno_midi_virus_isolate_SAfiA-91-40_ORF1_gene,_complete_cds
2302	2548	 0.301	MN779590.1_MAG:_Torque_teno_midi_virus_isolate_SAfiA-710-10_ORF1_gene,_complete_cds
2303	2654	 0.301	MN775476.1_MAG:_Torque_teno_midi_virus_isolate_SAfiA-476-18_ORF1_gene,_complete_cds
2304	2436	 0.301	MN777484.1_MAG:_Torque_teno_midi_virus_isolate_SAfiA-118-28_ORF1_gene,_complete_cds
2305	2489	 0.300	MN776735.1_MAG:_Torque_teno_midi_virus_isolate_SAfiA-306A-83_ORF1_gene,_complete_cds
2306	2564	 0.300	MN776603.1_MAG:_Torque_teno_midi_virus_isolate_SAfiA-242-93_ORF1_gene,_complete_cds
2307	2943	 0.300	MN769250.1_MAG:_TTV-like_mini_virus_isolate_SAfiA-353-37,_complete_genome
2308	3081	 0.300	MN780420.1_MAG:_Torque_teno_midi_virus_isolate_SAfiA-244-4_ORF1_gene,_complete_cds
2309	2567	 0.300	MN775673.1_MAG:_Torque_teno_midi_virus_isolate_SAfiA-581-85_ORF1_gene,_complete_cds
2310	2485	 0.300	MN779266.1_MAG:_Torque_teno_midi_virus_isolate_SAfiA-315-72_ORF1_gene,_complete_cds
2311	2519	 0.300	MN775254.1_MAG:_Torque_teno_midi_virus_isolate_SAfiA-485-61_ORF1_gene,_complete_cds
2312	2911	 0.300	MN769627.1_MAG:_TTV-like_mini_virus_isolate_SAfiA-619-12,_complete_genome
2313	2320	 0.300	MN776217.1_MAG:_Torque_teno_midi_virus_isolate_SAfiA-587-358_ORF1_gene,_complete_cds
2314	2619	 0.300	MN777152.1_MAG:_Torque_teno_midi_virus_isolate_SAfiA-277-50_ORF1_gene,_complete_cds
2315	2488	 0.299	MN780084.1_MAG:_Torque_teno_midi_virus_isolate_SAfiA-57-67_ORF1_gene,_complete_cds
2316	2773	 0.299	MN776526.1_MAG:_Torque_teno_midi_virus_isolate_SAfiA-361-42_ORF1_gene,_complete_cds
2317	2603	 0.299	MN778695.1_MAG:_Torque_teno_midi_virus_isolate_SAfiA-341-24_ORF1_gene,_complete_cds
2318	2527	 0.299	MN777921.1_MAG:_Torque_teno_midi_virus_isolate_SAfiA-658-26_ORF1_gene,_complete_cds
2319	2514	 0.299	MN777108.1_MAG:_Torque_teno_midi_virus_isolate_SAfiA-642-77_ORF1_gene,_complete_cds
2320	2861	 0.299	MN770335.1_MAG:_TTV-like_mini_virus_isolate_SAfiA-87-32,_complete_genome
2321	2516	 0.299	MN775797.1_MAG:_Torque_teno_midi_virus_isolate_SAfiA-355-22_ORF1_gene,_complete_cds
2322	2630	 0.299	MN777552.1_MAG:_Torque_teno_midi_virus_isolate_SAfiA-359-30_ORF1_gene,_complete_cds
2323	2449	 0.299	MN775129.1_MAG:_Torque_teno_midi_virus_isolate_SAfiA-242-131_ORF1_gene,_complete_cds
2324	2488	 0.298	MN778553.1_MAG:_Torque_teno_midi_virus_isolate_SAfiA-577-259_ORF1_gene,_complete_cds
2325	2894	 0.298	MN774958.1_MAG:_Torque_teno_midi_virus_isolate_SAfiA-595-49,_complete_genome
2326	2724	 0.298	MN777385.1_MAG:_Torque_teno_midi_virus_isolate_SAfiA-353-60_ORF1_gene,_complete_cds
2327	2699	 0.298	MN776438.1_MAG:_Torque_teno_midi_virus_isolate_SAfiA-307-9_ORF1_gene,_complete_cds
2328	2937	 0.298	MN769841.1_MAG:_TTV-like_mini_virus_isolate_SAfiA-488-1,_complete_genome
2329	2602	 0.297	MN769022.1_MAG:_Torque_teno_mini_virus_isolate_SAfiA-309-39,_complete_ORF1
2330	2467	 0.297	MN776579.1_MAG:_Torque_teno_midi_virus_isolate_SAfiA-888-19_ORF1_gene,_complete_cds
2331	2604	 0.297	MN775826.1_MAG:_Torque_teno_midi_virus_isolate_SAfiA-10-29_ORF1_gene,_complete_cds
2332	2647	 0.297	MN777264.1_MAG:_Torque_teno_midi_virus_isolate_SAfiA-614-18_ORF1_gene,_complete_cds
2333	2864	 0.297	MN769273.1_MAG:_TTV-like_mini_virus_isolate_SAfiA-361-26,_complete_genome
2334	2632	 0.297	MN778480.1_MAG:_Torque_teno_midi_virus_isolate_SAfiA-124-63_ORF1_gene,_complete_cds
2335	2875	 0.297	MN770628.1_MAG:_TTV-like_mini_virus_isolate_SAfiA-440-10,_complete_genome
2336	2901	 0.297	MN770596.1_MAG:_TTV-like_mini_virus_isolate_SAfiA-388-115,_complete_genome
2337	2508	 0.297	MN776759.1_MAG:_Torque_teno_midi_virus_isolate_SAfiA-102-106_ORF1_gene,_complete_cds
2338	2533	 0.297	MN775367.1_MAG:_Torque_teno_midi_virus_isolate_SAfiA-297-147_ORF1_gene,_complete_cds
2339	2903	 0.297	MN771251.1_MAG:_TTV-like_mini_virus_isolate_SAfiA-452-3,_complete_genome
2340	2668	 0.296	MN778817.1_MAG:_Torque_teno_midi_virus_isolate_SAfiA-616-35_ORF1_gene,_complete_cds
2341	2521	 0.296	MN776975.1_MAG:_Torque_teno_midi_virus_isolate_SAfiA-321-16_ORF1_gene,_complete_cds
2342	2304	 0.296	MN778220.1_MAG:_Torque_teno_midi_virus_isolate_SAfiA-385-28_ORF1_gene,_complete_cds
2343	2608	 0.296	MN779497.1_MAG:_Torque_teno_midi_virus_isolate_SAfiA-380-147_ORF1_gene,_complete_cds
2344	2608	 0.296	MN776601.1_MAG:_Torque_teno_midi_virus_isolate_SAfiA-242-79_ORF1_gene,_complete_cds
2345	2552	 0.296	MN779976.1_MAG:_Torque_teno_midi_virus_isolate_SAfiA-325-47_ORF1_gene,_complete_cds
2346	2400	 0.296	MN777439.1_MAG:_Torque_teno_midi_virus_isolate_SAfiA-587-349_ORF1_gene,_complete_cds
2347	2518	 0.296	MN777642.1_MAG:_Torque_teno_midi_virus_isolate_SAfiA-598-16_ORF1_gene,_complete_cds
2348	2484	 0.296	MN775338.1_MAG:_Torque_teno_midi_virus_isolate_SAfiA-99-37_ORF1_gene,_complete_cds
2349	2370	 0.295	MN775584.1_MAG:_Torque_teno_midi_virus_isolate_SAfiA-119-32_ORF1_gene,_complete_cds
2350	2870	 0.295	MN769221.1_MAG:_TTV-like_mini_virus_isolate_SAfiA-345-14,_complete_genome
2351	2652	 0.295	MN778464.1_MAG:_Torque_teno_midi_virus_isolate_SAfiA-898-7_ORF1_gene,_complete_cds
2352	2577	 0.295	MN777324.1_MAG:_Torque_teno_midi_virus_isolate_SAfiA-566-47_ORF1_gene,_complete_cds
2353	2502	 0.295	MN776225.1_MAG:_Torque_teno_midi_virus_isolate_SAfiA-621-23_ORF1_gene,_complete_cds
2354	2600	 0.295	MN776062.1_MAG:_Torque_teno_midi_virus_isolate_SAfiA-309-41_ORF1_gene,_complete_cds
2355	2698	 0.295	MN775031.1_MAG:_Torque_teno_midi_virus_isolate_SAfiA-241-39_ORF1_gene,_complete_cds
2356	2435	 0.295	MN778237.1_MAG:_Torque_teno_midi_virus_isolate_SAfiA-445-22_ORF1_gene,_complete_cds
2357	2646	 0.295	MN775107.1_MAG:_Torque_teno_midi_virus_isolate_SAfiA-587-199_ORF1_gene,_complete_cds
2358	2577	 0.294	MN776896.1_MAG:_Torque_teno_midi_virus_isolate_SAfiA-274-54_ORF1_gene,_complete_cds
2359	2587	 0.294	MN775633.1_MAG:_Torque_teno_midi_virus_isolate_SAfiA-274-53_ORF1_gene,_complete_cds
2360	2623	 0.294	MN780079.1_MAG:_Torque_teno_midi_virus_isolate_SAfiA-361-61_ORF1_gene,_complete_cds
2361	2716	 0.294	MN776036.1_MAG:_Torque_teno_midi_virus_isolate_SAfiA-667-13_ORF1_gene,_complete_cds
2362	2497	 0.294	MN779977.1_MAG:_Torque_teno_midi_virus_isolate_SAfiA-363-15_ORF1_gene,_complete_cds
2363	2956	 0.294	MN774961.1_MAG:_Torque_teno_midi_virus_isolate_SAfiA-48-1,_complete_genome
2364	2871	 0.294	MN770535.1_MAG:_TTV-like_mini_virus_isolate_SAfiA-325-19,_complete_genome
2365	2498	 0.294	MN776891.1_MAG:_Torque_teno_midi_virus_isolate_SAfiA-120-24_ORF1_gene,_complete_cds
2366	2885	 0.294	MN769715.1_MAG:_TTV-like_mini_virus_isolate_SAfiA-725-5,_complete_genome
2367	2727	 0.294	MN778851.1_MAG:_Torque_teno_midi_virus_isolate_SAfiA-725-7_ORF1_gene,_complete_cds
2368	2502	 0.294	MN777658.1_MAG:_Torque_teno_midi_virus_isolate_SAfiA-628-113_ORF1_gene,_complete_cds
2369	2877	 0.294	MN770465.1_MAG:_TTV-like_mini_virus_isolate_SAfiA-128A-26,_complete_genome
2370	2479	 0.294	MN775553.1_MAG:_Torque_teno_midi_virus_isolate_SAfiA-593-77_ORF1_gene,_complete_cds
2371	2592	 0.294	MN779642.1_MAG:_Torque_teno_midi_virus_isolate_SAfiA-33-48_ORF1_gene,_complete_cds
2372	2458	 0.294	MN777250.1_MAG:_Torque_teno_midi_virus_isolate_SAfiA-44-17_ORF1_gene,_complete_cds
2373	2517	 0.293	MN778087.1_MAG:_Torque_teno_midi_virus_isolate_SAfiA-414-65_ORF1_gene,_complete_cds
2374	2563	 0.293	MN776659.1_MAG:_Torque_teno_midi_virus_isolate_SAfiA-528-23_ORF1_gene,_complete_cds
2375	2846	 0.293	MN769175.1_MAG:_TTV-like_mini_virus_isolate_SAfiA-313A-31,_complete_genome
2376	2826	 0.293	MN771512.1_MAG:_TTV-like_mini_virus_isolate_SAfiA-88-32,_complete_genome
2377	2574	 0.293	MN777633.1_MAG:_Torque_teno_midi_virus_isolate_SAfiA-587-282_ORF1_gene,_complete_cds
2378	2594	 0.293	MN775165.1_MAG:_Torque_teno_midi_virus_isolate_SAfiA-555-21_ORF1_gene,_complete_cds
2379	2639	 0.293	MN775917.1_MAG:_Torque_teno_midi_virus_isolate_SAfiA-35-117_ORF1_gene,_complete_cds
2380	2960	 0.293	MN771126.1_MAG:_TTV-like_mini_virus_isolate_SAfiA-479-6,_complete_genome
2381	2511	 0.293	MN778095.1_MAG:_Torque_teno_midi_virus_isolate_SAfiA-82-10_ORF1_gene,_complete_cds
2382	2642	 0.293	MN780035.1_MAG:_Torque_teno_midi_virus_isolate_SAfiA-414-37_ORF1_gene,_complete_cds
2383	2505	 0.293	MN776522.1_MAG:_Torque_teno_midi_virus_isolate_SAfiA-346-156_ORF1_gene,_complete_cds
2384	2626	 0.292	MN779555.1_MAG:_Torque_teno_midi_virus_isolate_SAfiA-456-0_ORF1_gene,_complete_cds
2385	2558	 0.292	MN776074.1_MAG:_Torque_teno_midi_virus_isolate_SAfiA-4-43_ORF1_gene,_complete_cds
2386	2498	 0.292	MN775991.1_MAG:_Torque_teno_midi_virus_isolate_SAfiA-346-163_ORF1_gene,_complete_cds
2387	2923	 0.292	MN770195.1_MAG:_TTV-like_mini_virus_isolate_SAfiA-420-2,_complete_genome
2388	2598	 0.292	MN779858.1_MAG:_Torque_teno_midi_virus_isolate_SAfiA-587-247_ORF1_gene,_complete_cds
2389	2677	 0.292	MN777255.1_MAG:_Torque_teno_midi_virus_isolate_SAfiA-517-11_ORF1_gene,_complete_cds
2390	2554	 0.292	MN779048.1_MAG:_Torque_teno_midi_virus_isolate_SAfiA-578-75_ORF1_gene,_complete_cds
2391	2630	 0.292	MN780168.1_MAG:_Torque_teno_midi_virus_isolate_SAfiA-241-45_ORF1_gene,_complete_cds
2392	2734	 0.292	MN778344.1_MAG:_Torque_teno_midi_virus_isolate_SAfiA-559-13_ORF1_gene,_complete_cds
2393	2476	 0.292	MN778897.1_MAG:_Torque_teno_midi_virus_isolate_SAfiA-587-336_ORF1_gene,_complete_cds
2394	2823	 0.291	MN769713.1_MAG:_TTV-like_mini_virus_isolate_SAfiA-721-22,_complete_genome
2395	2942	 0.291	MN770837.1_MAG:_TTV-like_mini_virus_isolate_SAfiA-91-13,_complete_genome
2396	2870	 0.291	MN768773.1_MAG:_Torque_teno_mini_virus_isolate_SAfiA-897-2,_complete_ORF1
2397	2941	 0.291	MN774978.1_MAG:_Torque_teno_midi_virus_isolate_SAfiA-591-21,_complete_genome
2398	2759	 0.291	MN769308.1_MAG:_TTV-like_mini_virus_isolate_SAfiA-380-94,_complete_genome
2399	2662	 0.291	MN777055.1_MAG:_Torque_teno_midi_virus_isolate_SAfiA-523-26_ORF1_gene,_complete_cds
2400	2527	 0.291	MN778472.1_MAG:_Torque_teno_midi_virus_isolate_SAfiA-107-57_ORF1_gene,_complete_cds
2401	2655	 0.291	MN775050.1_MAG:_Torque_teno_midi_virus_isolate_SAfiA-710-53_ORF1_gene,_complete_cds
2402	2632	 0.291	MN776803.1_MAG:_Torque_teno_midi_virus_isolate_SAfiA-388-240_ORF1_gene,_complete_cds
2403	2623	 0.291	MN779121.1_MAG:_Torque_teno_midi_virus_isolate_SAfiA-242-72_ORF1_gene,_complete_cds
2404	2509	 0.291	MN778063.1_MAG:_Torque_teno_midi_virus_isolate_SAfiA-644-56_ORF1_gene,_complete_cds
2405	2509	 0.291	MN775070.1_MAG:_Torque_teno_midi_virus_isolate_SAfiA-569-95_ORF1_gene,_complete_cds
2406	2654	 0.291	MN777042.1_MAG:_Torque_teno_midi_virus_isolate_SAfiA-478-44_ORF1_gene,_complete_cds
2407	2671	 0.291	MN777116.1_MAG:_Torque_teno_midi_virus_isolate_SAfiA-667-25_ORF1_gene,_complete_cds
2408	2447	 0.290	MN777327.1_MAG:_Torque_teno_midi_virus_isolate_SAfiA-587-326_ORF1_gene,_complete_cds
2409	2514	 0.290	MN780249.1_MAG:_Torque_teno_midi_virus_isolate_SAfiA-491-27_ORF1_gene,_complete_cds
2410	2567	 0.290	MN776394.1_MAG:_Torque_teno_midi_virus_isolate_SAfiA-657-52_ORF1_gene,_complete_cds
2411	2827	 0.290	MN770445.1_MAG:_TTV-like_mini_virus_isolate_SAfiA-365-25,_complete_genome
2412	2539	 0.290	MN780015.1_MAG:_Torque_teno_midi_virus_isolate_SAfiA-106A-52_ORF1_gene,_complete_cds
2413	2968	 0.290	MN769695.1_MAG:_TTV-like_mini_virus_isolate_SAfiA-690-4,_complete_genome
2414	2637	 0.290	MN780094.1_MAG:_Torque_teno_midi_virus_isolate_SAfiA-667-29_ORF1_gene,_complete_cds
2415	2724	 0.290	MN778874.1_MAG:_Torque_teno_midi_virus_isolate_SAfiA-83-5_ORF1_gene,_complete_cds
2416	2588	 0.290	MN775542.1_MAG:_Torque_teno_midi_virus_isolate_SAfiA-569-88_ORF1_gene,_complete_cds
2417	2665	 0.290	MN776762.1_MAG:_Torque_teno_midi_virus_isolate_SAfiA-102-71_ORF1_gene,_complete_cds
2418	2619	 0.290	MN775841.1_MAG:_Torque_teno_midi_virus_isolate_SAfiA-361-63_ORF1_gene,_complete_cds
2419	2819	 0.290	MN771443.1_MAG:_TTV-like_mini_virus_isolate_SAfiA-511-15,_complete_genome
2420	2604	 0.290	MN768880.1_MAG:_Torque_teno_mini_virus_isolate_SAfiA-241-47,_complete_ORF1
2421	2614	 0.289	MN775859.1_MAG:_Torque_teno_midi_virus_isolate_SAfiA-541-33_ORF1_gene,_complete_cds
2422	2683	 0.289	MN775036.1_MAG:_Torque_teno_midi_virus_isolate_SAfiA-353-72_ORF1_gene,_complete_cds
2423	2735	 0.289	MN776092.1_MAG:_Torque_teno_midi_virus_isolate_SAfiA-711-6_ORF1_gene,_complete_cds
2424	2836	 0.289	MN769547.1_MAG:_TTV-like_mini_virus_isolate_SAfiA-581-67,_complete_genome
2425	2871	 0.289	MN768664.1_MAG:_Torque_teno_mini_virus_isolate_SAfiA-731-12,_complete_ORF1
2426	2573	 0.289	MN780431.1_MAG:_Torque_teno_midi_virus_isolate_SAfiA-314-45_ORF1_gene,_complete_cds
2427	2875	 0.289	MN769671.1_MAG:_TTV-like_mini_virus_isolate_SAfiA-670-7,_complete_genome
2428	2525	 0.289	MN777711.1_MAG:_Torque_teno_midi_virus_isolate_SAfiA-102-103_ORF1_gene,_complete_cds
2429	2507	 0.289	MN778084.1_MAG:_Torque_teno_midi_virus_isolate_SAfiA-361-79_ORF1_gene,_complete_cds
2430	2662	 0.289	MN775395.1_MAG:_Torque_teno_midi_virus_isolate_SAfiA-102-72_ORF1_gene,_complete_cds
2431	2482	 0.289	MN779802.1_MAG:_Torque_teno_midi_virus_isolate_SAfiA-126-18_ORF1_gene,_complete_cds
2432	2905	 0.289	MN770876.1_MAG:_TTV-like_mini_virus_isolate_SAfiA-640-16,_complete_genome
2433	2987	 0.289	MN769471.1_MAG:_TTV-like_mini_virus_isolate_SAfiA-536-6,_complete_genome
2434	2636	 0.289	MN779068.1_MAG:_Torque_teno_midi_virus_isolate_SAfiA-380-132_ORF1_gene,_complete_cds
2435	2922	 0.289	MN770745.1_MAG:_TTV-like_mini_virus_isolate_SAfiA-678-5,_complete_genome
2436	2651	 0.289	MN768935.1_MAG:_Torque_teno_mini_virus_isolate_SAfiA-264-19,_complete_ORF1
2437	2774	 0.288	MN770265.1_MAG:_TTV-like_mini_virus_isolate_SAfiA-573-45,_complete_genome
2438	2310	 0.288	MN777380.1_MAG:_Torque_teno_midi_virus_isolate_SAfiA-35-174_ORF1_gene,_complete_cds
2439	2644	 0.288	MN778051.1_MAG:_Torque_teno_midi_virus_isolate_SAfiA-609-33_ORF1_gene,_complete_cds
2440	2820	 0.288	MN780425.1_MAG:_Torque_teno_midi_virus_isolate_SAfiA-581-81_ORF1_gene,_complete_cds
2441	2640	 0.288	MN776404.1_MAG:_Torque_teno_midi_virus_isolate_SAfiA-380-130_ORF1_gene,_complete_cds
2442	2903	 0.288	MN769692.1_MAG:_TTV-like_mini_virus_isolate_SAfiA-686-13,_complete_genome
2443	2650	 0.288	MN780078.1_MAG:_Torque_teno_midi_virus_isolate_SAfiA-361-55_ORF1_gene,_complete_cds
2444	2494	 0.288	MN779814.1_MAG:_Torque_teno_midi_virus_isolate_SAfiA-302-28_ORF1_gene,_complete_cds
2445	2966	 0.288	MN771265.1_MAG:_TTV-like_mini_virus_isolate_SAfiA-578-13,_complete_genome
2446	2948	 0.288	MN769217.1_MAG:_TTV-like_mini_virus_isolate_SAfiA-341-8,_complete_genome
2447	2664	 0.288	MN778782.1_MAG:_Torque_teno_midi_virus_isolate_SAfiA-55-26_ORF1_gene,_complete_cds
2448	2444	 0.288	MN775625.1_MAG:_Torque_teno_midi_virus_isolate_SAfiA-116-87_ORF1_gene,_complete_cds
2449	2938	 0.288	MN770011.1_MAG:_TTV-like_mini_virus_isolate_SAfiA-774-154,_complete_genome
2450	2646	 0.288	MN778966.1_MAG:_Torque_teno_midi_virus_isolate_SAfiA-659-31_ORF1_gene,_complete_cds
2451	2571	 0.288	MN778801.1_MAG:_Torque_teno_midi_virus_isolate_SAfiA-593-54_ORF1_gene,_complete_cds
2452	2608	 0.288	MN776772.1_MAG:_Torque_teno_midi_virus_isolate_SAfiA-231-25_ORF1_gene,_complete_cds
2453	2485	 0.287	MN778549.1_MAG:_Torque_teno_midi_virus_isolate_SAfiA-542-59_ORF1_gene,_complete_cds
2454	2666	 0.287	MN777939.1_MAG:_Torque_teno_midi_virus_isolate_SAfiA-596-6_ORF1_gene,_complete_cds
2455	2779	 0.287	MN777106.1_MAG:_Torque_teno_midi_virus_isolate_SAfiA-642-45_ORF1_gene,_complete_cds
2456	2628	 0.287	MN777739.1_MAG:_Torque_teno_midi_virus_isolate_SAfiA-231-22_ORF1_gene,_complete_cds
2457	2615	 0.287	MN778272.1_MAG:_Torque_teno_midi_virus_isolate_SAfiA-589-39_ORF1_gene,_complete_cds
2458	2707	 0.287	MN770261.1_MAG:_TTV-like_mini_virus_isolate_SAfiA-500-70,_complete_genome
2459	2647	 0.287	MN779149.1_MAG:_Torque_teno_midi_virus_isolate_SAfiA-35-114_ORF1_gene,_complete_cds
2460	3010	 0.287	MN774977.1_MAG:_Torque_teno_midi_virus_isolate_SAfiA-668-0,_complete_genome
2461	2583	 0.286	MN775766.1_MAG:_Torque_teno_midi_virus_isolate_SAfiA-676-51_ORF1_gene,_complete_cds
2462	2600	 0.286	MN779115.1_MAG:_Torque_teno_midi_virus_isolate_SAfiA-235-90_ORF1_gene,_complete_cds
2463	2508	 0.286	MN779267.1_MAG:_Torque_teno_midi_virus_isolate_SAfiA-353-131_ORF1_gene,_complete_cds
2464	2625	 0.286	MN775310.1_MAG:_Torque_teno_midi_virus_isolate_SAfiA-87-87_ORF1_gene,_complete_cds
2465	2839	 0.286	MN769270.1_MAG:_TTV-like_mini_virus_isolate_SAfiA-360-22,_complete_genome
2466	2604	 0.286	MN777423.1_MAG:_Torque_teno_midi_virus_isolate_SAfiA-517-14_ORF1_gene,_complete_cds
2467	2393	 0.286	MN780237.1_MAG:_Torque_teno_midi_virus_isolate_SAfiA-445-23_ORF1_gene,_complete_cds
2468	2507	 0.286	MN775152.1_MAG:_Torque_teno_midi_virus_isolate_SAfiA-376-72_ORF1_gene,_complete_cds
2469	2907	 0.286	MN775975.1_MAG:_Torque_teno_midi_virus_isolate_SAfiA-240-25_ORF1_gene,_complete_cds
2470	2618	 0.285	MN775118.1_MAG:_Torque_teno_midi_virus_isolate_SAfiA-107-44_ORF1_gene,_complete_cds
2471	2488	 0.285	MN777970.1_MAG:_Torque_teno_midi_virus_isolate_SAfiA-123-72_ORF1_gene,_complete_cds
2472	2563	 0.285	MN777019.1_MAG:_Torque_teno_midi_virus_isolate_SAfiA-380-173_ORF1_gene,_complete_cds
2473	2395	 0.285	MN777427.1_MAG:_Torque_teno_midi_virus_isolate_SAfiA-569-117_ORF1_gene,_complete_cds
2474	2540	 0.285	MN777077.1_MAG:_Torque_teno_midi_virus_isolate_SAfiA-594-118_ORF1_gene,_complete_cds
2475	2923	 0.285	MN770193.1_MAG:_TTV-like_mini_virus_isolate_SAfiA-388-26,_complete_genome
2476	2845	 0.285	MN770611.1_MAG:_TTV-like_mini_virus_isolate_SAfiA-388-93,_complete_genome
2477	2722	 0.285	MN779240.1_MAG:_Torque_teno_midi_virus_isolate_SAfiA-380-100_ORF1_gene,_complete_cds
2478	2944	 0.284	MN770301.1_MAG:_TTV-like_mini_virus_isolate_SAfiA-34-7,_complete_genome
2479	2428	 0.284	MN777736.1_MAG:_Torque_teno_midi_virus_isolate_SAfiA-127-49_ORF1_gene,_complete_cds
2480	2589	 0.284	MN779740.1_MAG:_Torque_teno_midi_virus_isolate_SAfiA-625-39_ORF1_gene,_complete_cds
2481	2901	 0.284	MN771108.1_MAG:_TTV-like_mini_virus_isolate_SAfiA-38-7,_complete_genome
2482	2678	 0.284	MN778629.1_MAG:_Torque_teno_midi_virus_isolate_SAfiA-11-49_ORF1_gene,_complete_cds
2483	2504	 0.283	MN777840.1_MAG:_Torque_teno_midi_virus_isolate_SAfiA-580-29_ORF1_gene,_complete_cds
2484	2621	 0.283	MN775891.1_MAG:_Torque_teno_midi_virus_isolate_SAfiA-313A-53_ORF1_gene,_complete_cds
2485	2847	 0.283	MN769227.1_MAG:_TTV-like_mini_virus_isolate_SAfiA-346-34,_complete_genome
2486	2865	 0.283	MN770627.1_MAG:_TTV-like_mini_virus_isolate_SAfiA-435-5,_complete_genome
2487	2871	 0.283	MZ286088.1_Anelloviridae_sp._isolate_SP30_C5,_complete_genome
2488	2614	 0.283	MN775803.1_MAG:_Torque_teno_midi_virus_isolate_SAfiA-475-31_ORF1_gene,_complete_cds
2489	2777	 0.283	MN768676.1_MAG:_Torque_teno_mini_virus_isolate_SAfiA-758-9,_complete_ORF1
2490	2627	 0.283	MN776833.1_MAG:_Torque_teno_midi_virus_isolate_SAfiA-566-41_ORF1_gene,_complete_cds
2491	2906	 0.283	MZ286163.1_Anelloviridae_sp._isolate_SP47_C8,_complete_genome
2492	2643	 0.283	MN776121.1_MAG:_Torque_teno_midi_virus_isolate_SAfiA-334-32_ORF1_gene,_complete_cds
2493	2877	 0.283	MN776119.1_MAG:_Torque_teno_midi_virus_isolate_SAfiA-324-9_ORF1_gene,_complete_cds
2494	2874	 0.283	MN769660.1_MAG:_TTV-like_mini_virus_isolate_SAfiA-651-26,_complete_genome
2495	2568	 0.283	MN775930.1_MAG:_Torque_teno_midi_virus_isolate_SAfiA-520-32_ORF1_gene,_complete_cds
2496	2730	 0.283	MN768951.1_MAG:_Torque_teno_mini_virus_isolate_SAfiA-274-38,_complete_ORF1
2497	2625	 0.283	MN775156.1_MAG:_Torque_teno_midi_virus_isolate_SAfiA-435-18_ORF1_gene,_complete_cds
2498	2625	 0.282	MN778653.1_MAG:_Torque_teno_midi_virus_isolate_SAfiA-242-70_ORF1_gene,_complete_cds
2499	2917	 0.282	MN769382.1_MAG:_TTV-like_mini_virus_isolate_SAfiA-437-4,_complete_genome
2500	2557	 0.282	MN779967.1_MAG:_Torque_teno_midi_virus_isolate_SAfiA-118-20_ORF1_gene,_complete_cds
2501	2916	 0.282	MN778908.1_MAG:_Torque_teno_midi_virus_isolate_SAfiA-349-23_ORF1_gene,_complete_cds
2502	2597	 0.282	MN777622.1_MAG:_Torque_teno_midi_virus_isolate_SAfiA-58-11_ORF1_gene,_complete_cds
2503	2622	 0.282	MN776654.1_MAG:_Torque_teno_midi_virus_isolate_SAfiA-500-61_ORF1_gene,_complete_cds
2504	2571	 0.282	MN778565.1_MAG:_Torque_teno_midi_virus_isolate_SAfiA-604-46_ORF1_gene,_complete_cds
2505	2555	 0.282	MN775981.1_MAG:_Torque_teno_midi_virus_isolate_SAfiA-297-140_ORF1_gene,_complete_cds
2506	2727	 0.282	MN778418.1_MAG:_Torque_teno_midi_virus_isolate_SAfiA-556-27_ORF1_gene,_complete_cds
2507	2595	 0.281	MN776698.1_MAG:_Torque_teno_midi_virus_isolate_SAfiA-644-31_ORF1_gene,_complete_cds
2508	2795	 0.281	MN771369.1_MAG:_TTV-like_mini_virus_isolate_SAfiA-587-181,_complete_genome
2509	2879	 0.281	MN770143.1_MAG:_TTV-like_mini_virus_isolate_SAfiA-35-35,_complete_genome
2510	2871	 0.281	MN771478.1_MAG:_TTV-like_mini_virus_isolate_SAfiA-619-14,_complete_genome
2511	2896	 0.281	MN769147.1_MAG:_TTV-like_mini_virus_isolate_SAfiA-275-28,_complete_genome
2512	2609	 0.281	MN775500.1_MAG:_Torque_teno_midi_virus_isolate_SAfiA-235-84_ORF1_gene,_complete_cds
2513	2953	 0.281	MN769351.1_MAG:_TTV-like_mini_virus_isolate_SAfiA-401-9,_complete_genome
2514	2539	 0.281	MN775668.1_MAG:_Torque_teno_midi_virus_isolate_SAfiA-554-16_ORF1_gene,_complete_cds
2515	2672	 0.281	MN777936.1_MAG:_Torque_teno_midi_virus_isolate_SAfiA-580-24_ORF1_gene,_complete_cds
2516	2667	 0.281	MN777934.1_MAG:_Torque_teno_midi_virus_isolate_SAfiA-556-29_ORF1_gene,_complete_cds
2517	2638	 0.281	MN778773.1_MAG:_Torque_teno_midi_virus_isolate_SAfiA-514-47_ORF1_gene,_complete_cds
2518	2891	 0.281	MN770153.1_MAG:_TTV-like_mini_virus_isolate_SAfiA-504-7,_complete_genome
2519	2521	 0.281	MN776845.1_MAG:_Torque_teno_midi_virus_isolate_SAfiA-591-28_ORF1_gene,_complete_cds
2520	2685	 0.281	MN780208.1_MAG:_Torque_teno_midi_virus_isolate_SAfiA-353-71_ORF1_gene,_complete_cds
2521	2551	 0.281	MN778885.1_MAG:_Torque_teno_midi_virus_isolate_SAfiA-888-18_ORF1_gene,_complete_cds
2522	2904	 0.281	MN769441.1_MAG:_TTV-like_mini_virus_isolate_SAfiA-504-5,_complete_genome
2523	2553	 0.281	MN780062.1_MAG:_Torque_teno_midi_virus_isolate_SAfiA-757-13_ORF1_gene,_complete_cds
2524	2592	 0.281	MN779719.1_MAG:_Torque_teno_midi_virus_isolate_SAfiA-587-252_ORF1_gene,_complete_cds
2525	2668	 0.281	MN768668.1_MAG:_Torque_teno_mini_virus_isolate_SAfiA-73-9,_complete_ORF1
2526	2559	 0.280	MN768813.1_MAG:_Torque_teno_mini_virus_isolate_SAfiA-92-29,_complete_ORF1
2527	2907	 0.280	MN769754.1_MAG:_TTV-like_mini_virus_isolate_SAfiA-823-5,_complete_genome
2528	2657	 0.280	MN777847.1_MAG:_Torque_teno_midi_virus_isolate_SAfiA-593-34_ORF1_gene,_complete_cds
2529	2591	 0.280	MN777234.1_MAG:_Torque_teno_midi_virus_isolate_SAfiA-302-25_ORF1_gene,_complete_cds
2530	2916	 0.280	MN770324.1_MAG:_TTV-like_mini_virus_isolate_SAfiA-587-39,_complete_genome
2531	2551	 0.280	MN779511.1_MAG:_Torque_teno_midi_virus_isolate_SAfiA-590-177_ORF1_gene,_complete_cds
2532	2848	 0.280	MN769131.1_MAG:_TTV-like_mini_virus_isolate_SAfiA-254-30,_complete_genome
2533	2989	 0.280	MN774969.1_MAG:_Torque_teno_midi_virus_isolate_SAfiA-76-2,_complete_genome
2534	2848	 0.280	MN769498.1_MAG:_TTV-like_mini_virus_isolate_SAfiA-566-19,_complete_genome
2535	2902	 0.280	MN769921.1_MAG:_TTV-like_mini_virus_isolate_SAfiA-366-10,_complete_genome
2536	2521	 0.280	MN778551.1_MAG:_Torque_teno_midi_virus_isolate_SAfiA-556-42_ORF1_gene,_complete_cds
2537	2507	 0.280	MN778587.1_MAG:_Torque_teno_midi_virus_isolate_SAfiA-651-68_ORF1_gene,_complete_cds
2538	2910	 0.280	MN771046.1_MAG:_TTV-like_mini_virus_isolate_SAfiA-350-18,_complete_genome
2539	3185	 0.280	MN774949.1_MAG:_Torque_teno_midi_virus_isolate_SAfiA-389-3,_complete_genome
2540	2492	 0.280	MZ286200.1_Anelloviridae_sp._isolate_SP51_C24,_complete_genome
2541	2901	 0.279	MN770569.1_MAG:_TTV-like_mini_virus_isolate_SAfiA-35-43,_complete_genome
2542	2532	 0.279	MN777008.1_MAG:_Torque_teno_midi_virus_isolate_SAfiA-35-149_ORF1_gene,_complete_cds
2543	2908	 0.279	MN769083.1_MAG:_TTV-like_mini_virus_isolate_SAfiA-224-19,_complete_genome
2544	2652	 0.279	MN777188.1_MAG:_Torque_teno_midi_virus_isolate_SAfiA-232-35_ORF1_gene,_complete_cds
2545	2618	 0.279	MN775453.1_MAG:_Torque_teno_midi_virus_isolate_SAfiA-651-50_ORF1_gene,_complete_cds
2546	2550	 0.279	MN777871.1_MAG:_Torque_teno_midi_virus_isolate_SAfiA-684-29_ORF1_gene,_complete_cds
2547	2545	 0.279	MN777061.1_MAG:_Torque_teno_midi_virus_isolate_SAfiA-556-38_ORF1_gene,_complete_cds
2548	2612	 0.279	MN776961.1_MAG:_Torque_teno_midi_virus_isolate_SAfiA-587-140_ORF1_gene,_complete_cds
2549	2917	 0.279	MN769960.1_MAG:_TTV-like_mini_virus_isolate_SAfiA-574-9,_complete_genome
2550	2868	 0.279	MN771279.1_MAG:_TTV-like_mini_virus_isolate_SAfiA-616-19,_complete_genome
2551	2902	 0.279	MN771440.1_MAG:_TTV-like_mini_virus_isolate_SAfiA-499-6,_complete_genome
2552	2626	 0.279	MN778342.1_MAG:_Torque_teno_midi_virus_isolate_SAfiA-346-91_ORF1_gene,_complete_cds
2553	2603	 0.279	MN778524.1_MAG:_Torque_teno_midi_virus_isolate_SAfiA-401-46_ORF1_gene,_complete_cds
2554	2486	 0.278	MN775343.1_MAG:_Torque_teno_midi_virus_isolate_SAfiA-51-51_ORF1_gene,_complete_cds
2555	2559	 0.278	MN776057.1_MAG:_Torque_teno_midi_virus_isolate_SAfiA-235-105_ORF1_gene,_complete_cds
2556	2961	 0.278	MN770365.1_MAG:_TTV-like_mini_virus_isolate_SAfiA-393-15,_complete_genome
2557	2998	 0.278	MN770541.1_MAG:_TTV-like_mini_virus_isolate_SAfiA-330-4,_complete_genome
2558	2588	 0.278	MN775685.1_MAG:_Torque_teno_midi_virus_isolate_SAfiA-644-42_ORF1_gene,_complete_cds
2559	2491	 0.278	MN779856.1_MAG:_Torque_teno_midi_virus_isolate_SAfiA-581-95_ORF1_gene,_complete_cds
2560	2140	 0.278	MN777799.1_MAG:_Torque_teno_midi_virus_isolate_SAfiA-390-34_ORF1_gene,_complete_cds
2561	2528	 0.278	MN775460.1_MAG:_Torque_teno_midi_virus_isolate_SAfiA-118-23_ORF1_gene,_complete_cds
2562	2666	 0.278	MN777637.1_MAG:_Torque_teno_midi_virus_isolate_SAfiA-590-128_ORF1_gene,_complete_cds
2563	2681	 0.278	MN776960.1_MAG:_Torque_teno_midi_virus_isolate_SAfiA-372-3_ORF1_gene,_complete_cds
2564	2666	 0.278	MN776412.1_MAG:_Torque_teno_midi_virus_isolate_SAfiA-611-224_ORF1_gene,_complete_cds
2565	2514	 0.278	MN777830.1_MAG:_Torque_teno_midi_virus_isolate_SAfiA-535-25_ORF1_gene,_complete_cds
2566	2574	 0.278	MN778519.1_MAG:_Torque_teno_midi_virus_isolate_SAfiA-377-9_ORF1_gene,_complete_cds
2567	2897	 0.278	MN769759.1_MAG:_TTV-like_mini_virus_isolate_SAfiA-833-6,_complete_genome
2568	2951	 0.277	MN770719.1_MAG:_TTV-like_mini_virus_isolate_SAfiA-615-600,_complete_genome
2569	2507	 0.277	MN775224.1_MAG:_Torque_teno_midi_virus_isolate_SAfiA-331-59_ORF1_gene,_complete_cds
2570	2582	 0.277	MN779720.1_MAG:_Torque_teno_midi_virus_isolate_SAfiA-587-271_ORF1_gene,_complete_cds
2571	2733	 0.277	MN778462.1_MAG:_Torque_teno_midi_virus_isolate_SAfiA-888-14_ORF1_gene,_complete_cds
2572	2443	 0.277	MN776530.1_MAG:_Torque_teno_midi_virus_isolate_SAfiA-380-215_ORF1_gene,_complete_cds
2573	2516	 0.277	MN779823.1_MAG:_Torque_teno_midi_virus_isolate_SAfiA-346-147_ORF1_gene,_complete_cds
2574	2601	 0.277	MN779517.1_MAG:_Torque_teno_midi_virus_isolate_SAfiA-659-40_ORF1_gene,_complete_cds
2575	2717	 0.277	MN779525.1_MAG:_Torque_teno_midi_virus_isolate_SAfiA-11-45_ORF1_gene,_complete_cds
2576	2601	 0.277	MN778434.1_MAG:_Torque_teno_midi_virus_isolate_SAfiA-604-43_ORF1_gene,_complete_cds
2577	2490	 0.277	MN777645.1_MAG:_Torque_teno_midi_virus_isolate_SAfiA-5A-50_ORF1_gene,_complete_cds
2578	2665	 0.277	MN779086.1_MAG:_Torque_teno_midi_virus_isolate_SAfiA-710-14_ORF1_gene,_complete_cds
2579	3241	 0.277	MZ286050.1_Anelloviridae_sp._isolate_SP22_C2,_complete_genome
2580	2839	 0.277	MN769235.1_MAG:_TTV-like_mini_virus_isolate_SAfiA-349-42,_complete_genome
2581	2588	 0.276	MN779624.1_MAG:_Torque_teno_midi_virus_isolate_SAfiA-304-20_ORF1_gene,_complete_cds
2582	2458	 0.276	MN777634.1_MAG:_Torque_teno_midi_virus_isolate_SAfiA-587-338_ORF1_gene,_complete_cds
2583	2584	 0.276	MN769020.1_MAG:_Torque_teno_mini_virus_isolate_SAfiA-309-36,_complete_ORF1
2584	2591	 0.276	MN777566.1_MAG:_Torque_teno_midi_virus_isolate_SAfiA-388-271_ORF1_gene,_complete_cds
2585	2407	 0.276	MN778467.1_MAG:_Torque_teno_midi_virus_isolate_SAfiA-102-117_ORF1_gene,_complete_cds
2586	2829	 0.275	MN770833.1_MAG:_TTV-like_mini_virus_isolate_SAfiA-786-10,_complete_genome
2587	2535	 0.275	MN777999.1_MAG:_Torque_teno_midi_virus_isolate_SAfiA-349-81_ORF1_gene,_complete_cds
2588	2543	 0.275	MN776968.1_MAG:_Torque_teno_midi_virus_isolate_SAfiA-311-36_ORF1_gene,_complete_cds
2589	2659	 0.275	MN777960.1_MAG:_Torque_teno_midi_virus_isolate_SAfiA-786-20_ORF1_gene,_complete_cds
2590	2607	 0.275	MN776444.1_MAG:_Torque_teno_midi_virus_isolate_SAfiA-353-82_ORF1_gene,_complete_cds
2591	2556	 0.275	MN780275.1_MAG:_Torque_teno_midi_virus_isolate_SAfiA-57-60_ORF1_gene,_complete_cds
2592	2756	 0.275	MN770155.1_MAG:_TTV-like_mini_virus_isolate_SAfiA-552-41,_complete_genome
2593	2611	 0.275	MN778172.1_MAG:_Torque_teno_midi_virus_isolate_SAfiA-242-77_ORF1_gene,_complete_cds
2594	2499	 0.275	MN775199.1_MAG:_Torque_teno_midi_virus_isolate_SAfiA-11-82_ORF1_gene,_complete_cds
2595	2492	 0.275	MN780338.1_MAG:_Torque_teno_midi_virus_isolate_SAfiA-867-404_ORF1_gene,_complete_cds
2596	2941	 0.275	MN776883.1_MAG:_Torque_teno_midi_virus_isolate_SAfiA-274-33_ORF1_gene,_complete_cds
2597	2500	 0.274	MN777723.1_MAG:_Torque_teno_midi_virus_isolate_SAfiA-11-81_ORF1_gene,_complete_cds
2598	2636	 0.274	MN768867.1_MAG:_Torque_teno_mini_virus_isolate_SAfiA-235-67,_complete_ORF1
2599	2534	 0.274	MN778451.1_MAG:_Torque_teno_midi_virus_isolate_SAfiA-72-11_ORF1_gene,_complete_cds
2600	2610	 0.274	MN775895.1_MAG:_Torque_teno_midi_virus_isolate_SAfiA-418-33_ORF1_gene,_complete_cds
2601	2588	 0.274	MN779689.1_MAG:_Torque_teno_midi_virus_isolate_SAfiA-471-2_ORF1_gene,_complete_cds
2602	2510	 0.274	MN777563.1_MAG:_Torque_teno_midi_virus_isolate_SAfiA-380-192_ORF1_gene,_complete_cds
2603	2643	 0.273	MN777070.1_MAG:_Torque_teno_midi_virus_isolate_SAfiA-577-209_ORF1_gene,_complete_cds
2604	2662	 0.273	MN779064.1_MAG:_Torque_teno_midi_virus_isolate_SAfiA-346-74_ORF1_gene,_complete_cds
2605	2671	 0.273	MN776120.1_MAG:_Torque_teno_midi_virus_isolate_SAfiA-334-31_ORF1_gene,_complete_cds
2606	2505	 0.273	MN779065.1_MAG:_Torque_teno_midi_virus_isolate_SAfiA-353-132_ORF1_gene,_complete_cds
2607	2655	 0.273	MN779046.1_MAG:_Torque_teno_midi_virus_isolate_SAfiA-528-15_ORF1_gene,_complete_cds
2608	2601	 0.273	MN777276.1_MAG:_Torque_teno_midi_virus_isolate_SAfiA-817-14_ORF1_gene,_complete_cds
2609	2977	 0.273	MN771407.1_MAG:_TTV-like_mini_virus_isolate_SAfiA-314-17,_complete_genome
2610	2707	 0.273	MN777624.1_MAG:_Torque_teno_midi_virus_isolate_SAfiA-581-49_ORF1_gene,_complete_cds
2611	2393	 0.273	MN779534.1_MAG:_Torque_teno_midi_virus_isolate_SAfiA-331-63_ORF1_gene,_complete_cds
2612	2862	 0.273	MN771462.1_MAG:_TTV-like_mini_virus_isolate_SAfiA-582-17,_complete_genome
2613	2486	 0.273	MN775279.1_MAG:_Torque_teno_midi_virus_isolate_SAfiA-611-302_ORF1_gene,_complete_cds
2614	2931	 0.273	MN770834.1_MAG:_TTV-like_mini_virus_isolate_SAfiA-831-8,_complete_genome
2615	2953	 0.273	MN775411.1_MAG:_Torque_teno_midi_virus_isolate_SAfiA-308-20_ORF1_gene,_complete_cds
2616	2698	 0.273	MN775515.1_MAG:_Torque_teno_midi_virus_isolate_SAfiA-340-12_ORF1_gene,_complete_cds
2617	2491	 0.273	MN776309.1_MAG:_Torque_teno_midi_virus_isolate_SAfiA-96-35_ORF1_gene,_complete_cds
2618	2900	 0.273	MN769410.1_MAG:_TTV-like_mini_virus_isolate_SAfiA-476-8,_complete_genome
2619	2934	 0.273	MN770292.1_MAG:_TTV-like_mini_virus_isolate_SAfiA-267-13,_complete_genome
2620	2919	 0.273	MN769119.1_MAG:_TTV-like_mini_virus_isolate_SAfiA-244-11,_complete_genome
2621	2666	 0.273	MN768673.1_MAG:_Torque_teno_mini_virus_isolate_SAfiA-75-321,_complete_ORF1
2622	3186	 0.273	MZ286000.1_Anelloviridae_sp._isolate_SP8_C1,_complete_genome
2623	2871	 0.273	MN769805.1_MAG:_TTV-like_mini_virus_isolate_SAfiA-88-21,_complete_genome
2624	2968	 0.272	MN776831.1_MAG:_Torque_teno_midi_virus_isolate_SAfiA-546-14_ORF1_gene,_complete_cds
2625	2786	 0.272	MZ286005.1_Anelloviridae_sp._isolate_SP10_C4,_complete_genome
2626	2624	 0.272	MN779924.1_MAG:_Torque_teno_midi_virus_isolate_SAfiA-349-76_ORF1_gene,_complete_cds
2627	2911	 0.272	MN769757.1_MAG:_TTV-like_mini_virus_isolate_SAfiA-831-12,_complete_genome
2628	2619	 0.272	MN780192.1_MAG:_Torque_teno_midi_virus_isolate_SAfiA-33-40_ORF1_gene,_complete_cds
2629	2613	 0.272	MN778447.1_MAG:_Torque_teno_midi_virus_isolate_SAfiA-659-37_ORF1_gene,_complete_cds
2630	2833	 0.272	MN769302.1_MAG:_TTV-like_mini_virus_isolate_SAfiA-380-42,_complete_genome
2631	2831	 0.272	MN770993.1_MAG:_TTV-like_mini_virus_isolate_SAfiA-388-112,_complete_genome
2632	2935	 0.272	MN770296.1_MAG:_TTV-like_mini_virus_isolate_SAfiA-326-7,_complete_genome
2633	2615	 0.272	MN777638.1_MAG:_Torque_teno_midi_virus_isolate_SAfiA-590-151_ORF1_gene,_complete_cds
2634	2488	 0.272	MN777767.1_MAG:_Torque_teno_midi_virus_isolate_SAfiA-311-41_ORF1_gene,_complete_cds
2635	2528	 0.272	MN776210.1_MAG:_Torque_teno_midi_virus_isolate_SAfiA-577-265_ORF1_gene,_complete_cds
2636	2898	 0.272	MN769193.1_MAG:_TTV-like_mini_virus_isolate_SAfiA-323-4,_complete_genome
2637	2611	 0.272	MN775304.1_MAG:_Torque_teno_midi_virus_isolate_SAfiA-858-132_ORF1_gene,_complete_cds
2638	2930	 0.272	MN769622.1_MAG:_TTV-like_mini_virus_isolate_SAfiA-616-14,_complete_genome
2639	2559	 0.272	MN777467.1_MAG:_Torque_teno_midi_virus_isolate_SAfiA-684-26_ORF1_gene,_complete_cds
2640	2610	 0.271	MN777721.1_MAG:_Torque_teno_midi_virus_isolate_SAfiA-11-62_ORF1_gene,_complete_cds
2641	2631	 0.271	MN777916.1_MAG:_Torque_teno_midi_virus_isolate_SAfiA-611-239_ORF1_gene,_complete_cds
2642	2539	 0.271	MN778228.1_MAG:_Torque_teno_midi_virus_isolate_SAfiA-401-51_ORF1_gene,_complete_cds
2643	2472	 0.271	MN776734.1_MAG:_Torque_teno_midi_virus_isolate_SAfiA-297-164_ORF1_gene,_complete_cds
2644	2645	 0.271	MN779226.1_MAG:_Torque_teno_midi_virus_isolate_SAfiA-82-8_ORF1_gene,_complete_cds
2645	2301	 0.271	MN780034.1_MAG:_Torque_teno_midi_virus_isolate_SAfiA-41-14_ORF1_gene,_complete_cds
2646	2529	 0.271	MN779175.1_MAG:_Torque_teno_midi_virus_isolate_SAfiA-461-20_ORF1_gene,_complete_cds
2647	2676	 0.271	MN777332.1_MAG:_Torque_teno_midi_virus_isolate_SAfiA-785-123_ORF1_gene,_complete_cds
2648	2555	 0.271	MN777725.1_MAG:_Torque_teno_midi_virus_isolate_SAfiA-118-21_ORF1_gene,_complete_cds
2649	2877	 0.271	MN771083.1_MAG:_TTV-like_mini_virus_isolate_SAfiA-12A-4,_complete_genome
2650	2937	 0.270	MN769898.1_MAG:_TTV-like_mini_virus_isolate_SAfiA-317-5,_complete_genome
2651	2881	 0.270	MN770864.1_MAG:_TTV-like_mini_virus_isolate_SAfiA-514-18,_complete_genome
2652	2513	 0.270	MN780328.1_MAG:_Torque_teno_midi_virus_isolate_SAfiA-771-24_ORF1_gene,_complete_cds
2653	2901	 0.270	MN770366.1_MAG:_TTV-like_mini_virus_isolate_SAfiA-42-3,_complete_genome
2654	2757	 0.270	MN778837.1_MAG:_Torque_teno_midi_virus_isolate_SAfiA-673-4_ORF1_gene,_complete_cds
2655	2959	 0.270	MN769717.1_MAG:_TTV-like_mini_virus_isolate_SAfiA-731-4,_complete_genome
2656	2615	 0.270	MN780176.1_MAG:_Torque_teno_midi_virus_isolate_SAfiA-254-80_ORF1_gene,_complete_cds
2657	2653	 0.270	MN775331.1_MAG:_Torque_teno_midi_virus_isolate_SAfiA-615-920_ORF1_gene,_complete_cds
2658	2897	 0.270	MN769993.1_MAG:_TTV-like_mini_virus_isolate_SAfiA-651-19,_complete_genome
2659	2631	 0.270	MN779832.1_MAG:_Torque_teno_midi_virus_isolate_SAfiA-382-13_ORF1_gene,_complete_cds
2660	2634	 0.270	MN777294.1_MAG:_Torque_teno_midi_virus_isolate_SAfiA-446-26_ORF1_gene,_complete_cds
2661	2625	 0.270	MN779368.1_MAG:_Torque_teno_midi_virus_isolate_SAfiA-388-245_ORF1_gene,_complete_cds
2662	2825	 0.270	MN165097.1_TTV-like_mini_virus_isolate_Chzj0263_hypothetical_protein_gene,_complete_cds
2663	2380	 0.270	MN778476.1_MAG:_Torque_teno_midi_virus_isolate_SAfiA-116-90_ORF1_gene,_complete_cds
2664	2897	 0.269	MN770220.1_MAG:_TTV-like_mini_virus_isolate_SAfiA-55-13,_complete_genome
2665	2539	 0.269	MN777951.1_MAG:_Torque_teno_midi_virus_isolate_SAfiA-61-45_ORF1_gene,_complete_cds
2666	2575	 0.269	MN776984.1_MAG:_Torque_teno_midi_virus_isolate_SAfiA-341-26_ORF1_gene,_complete_cds
2667	2656	 0.269	MN768854.1_MAG:_Torque_teno_mini_virus_isolate_SAfiA-233-29,_complete_ORF1
2668	2310	 0.269	MN779160.1_MAG:_Torque_teno_midi_virus_isolate_SAfiA-389-20_ORF1_gene,_complete_cds
2669	2515	 0.269	MN779273.1_MAG:_Torque_teno_midi_virus_isolate_SAfiA-644-55_ORF1_gene,_complete_cds
2670	2481	 0.269	MN779886.1_MAG:_Torque_teno_midi_virus_isolate_SAfiA-626-67_ORF1_gene,_complete_cds
2671	2648	 0.269	MN777399.1_MAG:_Torque_teno_midi_virus_isolate_SAfiA-401-40_ORF1_gene,_complete_cds
2672	2670	 0.269	MN778845.1_MAG:_Torque_teno_midi_virus_isolate_SAfiA-704-14_ORF1_gene,_complete_cds
2673	2370	 0.269	MN777097.1_MAG:_Torque_teno_midi_virus_isolate_SAfiA-625-62_ORF1_gene,_complete_cds
2674	2466	 0.269	MN779204.1_MAG:_Torque_teno_midi_virus_isolate_SAfiA-5A-54_ORF1_gene,_complete_cds
2675	2477	 0.269	MN778040.1_MAG:_Torque_teno_midi_virus_isolate_SAfiA-587-314_ORF1_gene,_complete_cds
2676	2802	 0.269	MN771068.1_MAG:_TTV-like_mini_virus_isolate_SAfiA-528-9,_complete_genome
2677	2539	 0.269	MN777154.1_MAG:_Torque_teno_midi_virus_isolate_SAfiA-500-95_ORF1_gene,_complete_cds
2678	2516	 0.269	MN777766.1_MAG:_Torque_teno_midi_virus_isolate_SAfiA-308-44_ORF1_gene,_complete_cds
2679	2619	 0.269	MN777967.1_MAG:_Torque_teno_midi_virus_isolate_SAfiA-100A-40_ORF1_gene,_complete_cds
2680	2524	 0.269	MN778387.1_MAG:_Torque_teno_midi_virus_isolate_SAfiA-35-151_ORF1_gene,_complete_cds
2681	2609	 0.269	MN775251.1_MAG:_Torque_teno_midi_virus_isolate_SAfiA-478-51_ORF1_gene,_complete_cds
2682	2911	 0.268	MN769419.1_MAG:_TTV-like_mini_virus_isolate_SAfiA-481-11,_complete_genome
2683	2666	 0.268	MN776951.1_MAG:_Torque_teno_midi_virus_isolate_SAfiA-275-93_ORF1_gene,_complete_cds
2684	2936	 0.268	MN776996.1_MAG:_Torque_teno_midi_virus_isolate_SAfiA-654-5_ORF1_gene,_complete_cds
2685	2493	 0.268	MN777378.1_MAG:_Torque_teno_midi_virus_isolate_SAfiA-346-170_ORF1_gene,_complete_cds
2686	2631	 0.268	MN775535.1_MAG:_Torque_teno_midi_virus_isolate_SAfiA-504-20_ORF1_gene,_complete_cds
2687	2827	 0.268	MN771076.1_MAG:_TTV-like_mini_virus_isolate_SAfiA-87-52,_complete_genome
2688	2617	 0.268	MN776752.1_MAG:_Torque_teno_midi_virus_isolate_SAfiA-604-39_ORF1_gene,_complete_cds
2689	2974	 0.268	MN770748.1_MAG:_TTV-like_mini_virus_isolate_SAfiA-686-3,_complete_genome
2690	2650	 0.267	MN768715.1_MAG:_Torque_teno_mini_virus_isolate_SAfiA-83-6,_complete_ORF1
2691	2548	 0.267	MN778673.1_MAG:_Torque_teno_midi_virus_isolate_SAfiA-304-22_ORF1_gene,_complete_cds
2692	2625	 0.267	MN775173.1_MAG:_Torque_teno_midi_virus_isolate_SAfiA-587-214_ORF1_gene,_complete_cds
2693	2647	 0.267	MN777220.1_MAG:_Torque_teno_midi_virus_isolate_SAfiA-615-931_ORF1_gene,_complete_cds
2694	2631	 0.267	MN775378.1_MAG:_Torque_teno_midi_virus_isolate_SAfiA-475-29_ORF1_gene,_complete_cds
2695	2650	 0.267	OL694795.1_TTV-like_mini_virus_isolate_TTMV-AMS-S1-50_ORF1_gene,_complete_cds
2696	2977	 0.267	MN769768.1_MAG:_TTV-like_mini_virus_isolate_SAfiA-857-180,_complete_genome
2697	2973	 0.267	MN770186.1_MAG:_TTV-like_mini_virus_isolate_SAfiA-35-12,_complete_genome
2698	2928	 0.267	MN769983.1_MAG:_TTV-like_mini_virus_isolate_SAfiA-61-5,_complete_genome
2699	2442	 0.267	MN777859.1_MAG:_Torque_teno_midi_virus_isolate_SAfiA-61-63_ORF1_gene,_complete_cds
2700	2989	 0.267	MN778838.1_MAG:_Torque_teno_midi_virus_isolate_SAfiA-676-37_ORF1_gene,_complete_cds
2701	2652	 0.267	MN775493.1_MAG:_Torque_teno_midi_virus_isolate_SAfiA-783-12_ORF1_gene,_complete_cds
2702	2879	 0.267	MN769194.1_MAG:_TTV-like_mini_virus_isolate_SAfiA-324-13,_complete_genome
2703	2478	 0.266	MN775442.1_MAG:_Torque_teno_midi_virus_isolate_SAfiA-502-40_ORF1_gene,_complete_cds
2704	2622	 0.266	MN775012.1_MAG:_Torque_teno_midi_virus_isolate_SAfiA-311-23_ORF1_gene,_complete_cds
2705	7525	 0.266	MH118064.1_Coxsackievirus_A10_strain_11-363-2,_complete_genome
2706	2626	 0.266	MN779803.1_MAG:_Torque_teno_midi_virus_isolate_SAfiA-127-24_ORF1_gene,_complete_cds
2707	2812	 0.266	MN768971.1_MAG:_Torque_teno_mini_virus_isolate_SAfiA-300-23,_complete_ORF1
2708	2850	 0.266	MN768912.1_MAG:_Torque_teno_mini_virus_isolate_SAfiA-254-28,_complete_ORF1
2709	2879	 0.266	MN770151.1_MAG:_TTV-like_mini_virus_isolate_SAfiA-478-19,_complete_genome
2710	2559	 0.266	MN779762.1_MAG:_Torque_teno_midi_virus_isolate_SAfiA-684-27_ORF1_gene,_complete_cds
2711	7376	 0.266	MH118026.1_Echovirus_E25_strain_10-4339-2,_complete_genome
2712	2506	 0.266	MN775985.1_MAG:_Torque_teno_midi_virus_isolate_SAfiA-315-65_ORF1_gene,_complete_cds
2713	2550	 0.266	MN769012.1_MAG:_Torque_teno_mini_virus_isolate_SAfiA-308-41,_complete_ORF1
2714	2601	 0.266	MN778043.1_MAG:_Torque_teno_midi_virus_isolate_SAfiA-590-161_ORF1_gene,_complete_cds
2715	2898	 0.265	MN769303.1_MAG:_TTV-like_mini_virus_isolate_SAfiA-380-43,_complete_genome
2716	2517	 0.265	MN775618.1_MAG:_Torque_teno_midi_virus_isolate_SAfiA-812-81_ORF1_gene,_complete_cds
2717	2636	 0.265	MN775178.1_MAG:_Torque_teno_midi_virus_isolate_SAfiA-611-233_ORF1_gene,_complete_cds
2718	2723	 0.265	MN768843.1_MAG:_Torque_teno_mini_virus_isolate_SAfiA-228-12,_complete_ORF1
2719	2816	 0.265	MN771361.1_MAG:_TTV-like_mini_virus_isolate_SAfiA-388-153,_complete_genome
2720	3017	 0.264	MN779909.1_MAG:_Torque_teno_midi_virus_isolate_SAfiA-470-9_ORF1_gene,_complete_cds
2721	2856	 0.264	MN768749.1_MAG:_Torque_teno_mini_virus_isolate_SAfiA-87-47,_complete_ORF1
2722	2583	 0.264	MN779566.1_MAG:_Torque_teno_midi_virus_isolate_SAfiA-601-18_ORF1_gene,_complete_cds
2723	2588	 0.264	MN778424.1_MAG:_Torque_teno_midi_virus_isolate_SAfiA-587-262_ORF1_gene,_complete_cds
2724	2688	 0.264	MN776278.1_MAG:_Torque_teno_midi_virus_isolate_SAfiA-514-38_ORF1_gene,_complete_cds
2725	2598	 0.264	MN777389.1_MAG:_Torque_teno_midi_virus_isolate_SAfiA-365-45_ORF1_gene,_complete_cds
2726	2829	 0.264	MN771152.1_MAG:_TTV-like_mini_virus_isolate_SAfiA-616-26,_complete_genome
2727	2543	 0.264	MN768648.1_MAG:_Torque_teno_mini_virus_isolate_SAfiA-71-37,_complete_ORF1
2728	2570	 0.264	MN780451.1_MAG:_Torque_teno_midi_virus_isolate_SAfiA-365-49_ORF1_gene,_complete_cds
2729	2873	 0.264	MN769604.1_MAG:_TTV-like_mini_virus_isolate_SAfiA-61-10,_complete_genome
2730	2632	 0.264	MN777758.1_MAG:_Torque_teno_midi_virus_isolate_SAfiA-297-132_ORF1_gene,_complete_cds
2731	2915	 0.264	MN771381.1_MAG:_TTV-like_mini_virus_isolate_SAfiA-723-2,_complete_genome
2732	2634	 0.264	MN778685.1_MAG:_Torque_teno_midi_virus_isolate_SAfiA-330-30_ORF1_gene,_complete_cds
2733	2648	 0.264	MN775857.1_MAG:_Torque_teno_midi_virus_isolate_SAfiA-523-29_ORF1_gene,_complete_cds
2734	2808	 0.264	MN770698.1_MAG:_TTV-like_mini_virus_isolate_SAfiA-587-124,_complete_genome
2735	2514	 0.264	MN779406.1_MAG:_Torque_teno_midi_virus_isolate_SAfiA-865-182_ORF1_gene,_complete_cds
2736	2388	 0.264	MN779729.1_MAG:_Torque_teno_midi_virus_isolate_SAfiA-604-66_ORF1_gene,_complete_cds
2737	2584	 0.264	MN778222.1_MAG:_Torque_teno_midi_virus_isolate_SAfiA-39-23_ORF1_gene,_complete_cds
2738	2572	 0.264	MN779169.1_MAG:_Torque_teno_midi_virus_isolate_SAfiA-418-36_ORF1_gene,_complete_cds
2739	2555	 0.263	MN775522.1_MAG:_Torque_teno_midi_virus_isolate_SAfiA-380-175_ORF1_gene,_complete_cds
2740	2519	 0.263	MN776265.1_MAG:_Torque_teno_midi_virus_isolate_SAfiA-377-12_ORF1_gene,_complete_cds
2741	2486	 0.263	MN776364.1_MAG:_Torque_teno_midi_virus_isolate_SAfiA-596-9_ORF1_gene,_complete_cds
2742	2667	 0.263	MN775462.1_MAG:_Torque_teno_midi_virus_isolate_SAfiA-235-69_ORF1_gene,_complete_cds
2743	2586	 0.263	MN780290.1_MAG:_Torque_teno_midi_virus_isolate_SAfiA-590-166_ORF1_gene,_complete_cds
2744	2640	 0.263	MN778627.1_MAG:_Torque_teno_midi_virus_isolate_SAfiA-107-39_ORF1_gene,_complete_cds
2745	2639	 0.263	MN778002.1_MAG:_Torque_teno_midi_virus_isolate_SAfiA-355-17_ORF1_gene,_complete_cds
2746	2486	 0.263	MN779343.1_MAG:_Torque_teno_midi_virus_isolate_SAfiA-126-17_ORF1_gene,_complete_cds
2747	2345	 0.263	MN777366.1_MAG:_Torque_teno_midi_virus_isolate_SAfiA-31-52_ORF1_gene,_complete_cds
2748	3040	 0.263	MN775977.1_MAG:_Torque_teno_midi_virus_isolate_SAfiA-327-9_ORF1_gene,_complete_cds
2749	2602	 0.263	MN776251.1_MAG:_Torque_teno_midi_virus_isolate_SAfiA-235-87_ORF1_gene,_complete_cds
2750	2600	 0.263	MN778362.1_MAG:_Torque_teno_midi_virus_isolate_SAfiA-242-82_ORF1_gene,_complete_cds
2751	2520	 0.263	MN776286.1_MAG:_Torque_teno_midi_virus_isolate_SAfiA-587-318_ORF1_gene,_complete_cds
2752	2864	 0.262	MN769082.1_MAG:_TTV-like_mini_virus_isolate_SAfiA-132-9,_complete_genome
2753	2715	 0.262	MN779248.1_MAG:_Torque_teno_midi_virus_isolate_SAfiA-610-27_ORF1_gene,_complete_cds
2754	2549	 0.262	MN779606.1_MAG:_Torque_teno_midi_virus_isolate_SAfiA-24-0_ORF1_gene,_complete_cds
2755	2461	 0.262	MN777640.1_MAG:_Torque_teno_midi_virus_isolate_SAfiA-593-78_ORF1_gene,_complete_cds
2756	2725	 0.262	MN776449.1_MAG:_Torque_teno_midi_virus_isolate_SAfiA-388-165_ORF1_gene,_complete_cds
2757	2864	 0.262	MN769814.1_MAG:_TTV-like_mini_virus_isolate_SAfiA-894-29,_complete_genome
2758	2601	 0.262	MN775241.1_MAG:_Torque_teno_midi_virus_isolate_SAfiA-393-47_ORF1_gene,_complete_cds
2759	2597	 0.262	MN776399.1_MAG:_Torque_teno_midi_virus_isolate_SAfiA-334-53_ORF1_gene,_complete_cds
2760	2437	 0.262	MN775236.1_MAG:_Torque_teno_midi_virus_isolate_SAfiA-370-13_ORF1_gene,_complete_cds
2761	2528	 0.261	MN778990.1_MAG:_Torque_teno_midi_virus_isolate_SAfiA-401-53_ORF1_gene,_complete_cds
2762	2682	 0.261	MN780031.1_MAG:_Torque_teno_midi_virus_isolate_SAfiA-396-18_ORF1_gene,_complete_cds
2763	2495	 0.261	MN777609.1_MAG:_Torque_teno_midi_virus_isolate_SAfiA-543-77_ORF1_gene,_complete_cds
2764	2954	 0.261	MN770532.1_MAG:_TTV-like_mini_virus_isolate_SAfiA-321-7,_complete_genome
2765	2722	 0.261	MN779107.1_MAG:_Torque_teno_midi_virus_isolate_SAfiA-234-24_ORF1_gene,_complete_cds
2766	2620	 0.261	MN776102.1_MAG:_Torque_teno_midi_virus_isolate_SAfiA-4-35_ORF1_gene,_complete_cds
2767	2925	 0.261	MN769826.1_MAG:_TTV-like_mini_virus_isolate_SAfiA-9-5,_complete_genome
2768	2860	 0.261	MN779239.1_MAG:_Torque_teno_midi_virus_isolate_SAfiA-349-16_ORF1_gene,_complete_cds
2769	2557	 0.261	MN776777.1_MAG:_Torque_teno_midi_virus_isolate_SAfiA-271-7_ORF1_gene,_complete_cds
2770	2977	 0.261	MN770393.1_MAG:_TTV-like_mini_virus_isolate_SAfiA-668-2,_complete_genome
2771	3072	 0.261	MN774937.1_MAG:_Torque_teno_midi_virus_isolate_SAfiA-768-12,_complete_genome
2772	2717	 0.261	MN780032.1_MAG:_Torque_teno_midi_virus_isolate_SAfiA-401-29_ORF1_gene,_complete_cds
2773	2956	 0.261	MN776379.1_MAG:_Torque_teno_midi_virus_isolate_SAfiA-603-26_ORF1_gene,_complete_cds
2774	2582	 0.261	MN779438.1_MAG:_Torque_teno_midi_virus_isolate_SAfiA-388-274_ORF1_gene,_complete_cds
2775	2915	 0.261	MN770105.1_MAG:_TTV-like_mini_virus_isolate_SAfiA-628-26,_complete_genome
2776	2756	 0.261	MN777293.1_MAG:_Torque_teno_midi_virus_isolate_SAfiA-420-4_ORF1_gene,_complete_cds
2777	2507	 0.261	MN777969.1_MAG:_Torque_teno_midi_virus_isolate_SAfiA-116-75_ORF1_gene,_complete_cds
2778	2701	 0.260	MN777111.1_MAG:_Torque_teno_midi_virus_isolate_SAfiA-649-20_ORF1_gene,_complete_cds
2779	2333	 0.260	MN778304.1_MAG:_Torque_teno_midi_virus_isolate_SAfiA-626-74_ORF1_gene,_complete_cds
2780	2484	 0.260	MN780324.1_MAG:_Torque_teno_midi_virus_isolate_SAfiA-68-26_ORF1_gene,_complete_cds
2781	2475	 0.260	MN779088.1_MAG:_Torque_teno_midi_virus_isolate_SAfiA-102-109_ORF1_gene,_complete_cds
2782	2501	 0.260	MN779352.1_MAG:_Torque_teno_midi_virus_isolate_SAfiA-297-158_ORF1_gene,_complete_cds
2783	2500	 0.260	MN777512.1_MAG:_Torque_teno_midi_virus_isolate_SAfiA-272-33_ORF1_gene,_complete_cds
2784	2810	 0.260	MN771091.1_MAG:_TTV-like_mini_virus_isolate_SAfiA-275-62,_complete_genome
2785	2619	 0.260	MN775677.1_MAG:_Torque_teno_midi_virus_isolate_SAfiA-591-22_ORF1_gene,_complete_cds
2786	2518	 0.260	MN777596.1_MAG:_Torque_teno_midi_virus_isolate_SAfiA-500-103_ORF1_gene,_complete_cds
2787	2500	 0.259	MN779532.1_MAG:_Torque_teno_midi_virus_isolate_SAfiA-308-45_ORF1_gene,_complete_cds
2788	2957	 0.259	MN770128.1_MAG:_TTV-like_mini_virus_isolate_SAfiA-225-3,_complete_genome
2789	2581	 0.259	MN777525.1_MAG:_Torque_teno_midi_virus_isolate_SAfiA-319-61_ORF1_gene,_complete_cds
2790	2943	 0.259	MN779903.1_MAG:_Torque_teno_midi_virus_isolate_SAfiA-658-20_ORF1_gene,_complete_cds
2791	2552	 0.259	MN778364.1_MAG:_Torque_teno_midi_virus_isolate_SAfiA-250-27_ORF1_gene,_complete_cds
2792	2708	 0.259	MN776627.1_MAG:_Torque_teno_midi_virus_isolate_SAfiA-346-63_ORF1_gene,_complete_cds
2793	2475	 0.259	MN777783.1_MAG:_Torque_teno_midi_virus_isolate_SAfiA-355-24_ORF1_gene,_complete_cds
2794	2546	 0.259	MN778861.1_MAG:_Torque_teno_midi_virus_isolate_SAfiA-774-220_ORF1_gene,_complete_cds
2795	2957	 0.259	MN770257.1_MAG:_TTV-like_mini_virus_isolate_SAfiA-372-1,_complete_genome
2796	2858	 0.259	MN771353.1_MAG:_TTV-like_mini_virus_isolate_SAfiA-338-16,_complete_genome
2797	2717	 0.259	MN777165.1_MAG:_Torque_teno_midi_virus_isolate_SAfiA-471-1_ORF1_gene,_complete_cds
2798	2885	 0.259	MN769969.1_MAG:_TTV-like_mini_virus_isolate_SAfiA-587-83,_complete_genome
2799	2697	 0.259	MN770263.1_MAG:_TTV-like_mini_virus_isolate_SAfiA-566-38,_complete_genome
2800	2652	 0.259	MN777924.1_MAG:_Torque_teno_midi_virus_isolate_SAfiA-810-83_ORF1_gene,_complete_cds
2801	2946	 0.259	MN770564.1_MAG:_TTV-like_mini_virus_isolate_SAfiA-352-10,_complete_genome
2802	2844	 0.259	MN769629.1_MAG:_TTV-like_mini_virus_isolate_SAfiA-622-8,_complete_genome
2803	2831	 0.259	MN771299.1_MAG:_TTV-like_mini_virus_isolate_SAfiA-866-433,_complete_genome
2804	2518	 0.259	MN777778.1_MAG:_Torque_teno_midi_virus_isolate_SAfiA-346-143_ORF1_gene,_complete_cds
2805	2616	 0.258	MN779834.1_MAG:_Torque_teno_midi_virus_isolate_SAfiA-390-21_ORF1_gene,_complete_cds
2806	2650	 0.258	MN778873.1_MAG:_Torque_teno_midi_virus_isolate_SAfiA-82-7_ORF1_gene,_complete_cds
2807	2523	 0.258	MN777367.1_MAG:_Torque_teno_midi_virus_isolate_SAfiA-319-77_ORF1_gene,_complete_cds
2808	2961	 0.258	MN774973.1_MAG:_Torque_teno_midi_virus_isolate_SAfiA-562-17,_complete_genome
2809	2781	 0.258	MN769126.1_MAG:_TTV-like_mini_virus_isolate_SAfiA-247-30,_complete_genome
2810	2582	 0.258	MN776283.1_MAG:_Torque_teno_midi_virus_isolate_SAfiA-578-54_ORF1_gene,_complete_cds
2811	2617	 0.258	MN779593.1_MAG:_Torque_teno_midi_virus_isolate_SAfiA-870-18_ORF1_gene,_complete_cds
2812	2660	 0.258	MN776060.1_MAG:_Torque_teno_midi_virus_isolate_SAfiA-254-62_ORF1_gene,_complete_cds
2813	3181	 0.258	MN774943.1_MAG:_Torque_teno_midi_virus_isolate_SAfiA-391-3,_complete_genome
2814	2463	 0.258	MN778964.1_MAG:_Torque_teno_midi_virus_isolate_SAfiA-622-20_ORF1_gene,_complete_cds
2815	2530	 0.258	MN778487.1_MAG:_Torque_teno_midi_virus_isolate_SAfiA-257-18_ORF1_gene,_complete_cds
2816	2580	 0.258	MN778768.1_MAG:_Torque_teno_midi_virus_isolate_SAfiA-488-19_ORF1_gene,_complete_cds
2817	2516	 0.258	MN780271.1_MAG:_Torque_teno_midi_virus_isolate_SAfiA-565-48_ORF1_gene,_complete_cds
2818	2939	 0.258	MN769914.1_MAG:_TTV-like_mini_virus_isolate_SAfiA-35-17,_complete_genome
2819	2553	 0.258	MN777064.1_MAG:_Torque_teno_midi_virus_isolate_SAfiA-565-42_ORF1_gene,_complete_cds
2820	2693	 0.258	MN777316.1_MAG:_Torque_teno_midi_virus_isolate_SAfiA-385-19_ORF1_gene,_complete_cds
2821	2911	 0.258	MN769679.1_MAG:_TTV-like_mini_virus_isolate_SAfiA-677-6,_complete_genome
2822	2755	 0.258	MN769808.1_MAG:_TTV-like_mini_virus_isolate_SAfiA-88-31,_complete_genome
2823	2894	 0.258	MN770859.1_MAG:_TTV-like_mini_virus_isolate_SAfiA-314-26,_complete_genome
2824	3014	 0.257	MN778667.1_MAG:_Torque_teno_midi_virus_isolate_SAfiA-287B-12_ORF1_gene,_complete_cds
2825	2585	 0.257	MN777407.1_MAG:_Torque_teno_midi_virus_isolate_SAfiA-4-40_ORF1_gene,_complete_cds
2826	2948	 0.257	MN770107.1_MAG:_TTV-like_mini_virus_isolate_SAfiA-642-26,_complete_genome
2827	3207	 0.257	MN774951.1_MAG:_Torque_teno_midi_virus_isolate_SAfiA-252-4,_complete_genome
2828	2666	 0.257	MN780088.1_MAG:_Torque_teno_midi_virus_isolate_SAfiA-628-64_ORF1_gene,_complete_cds
2829	2745	 0.257	MN778938.1_MAG:_Torque_teno_midi_virus_isolate_SAfiA-234-22_ORF1_gene,_complete_cds
2830	2907	 0.257	MN770152.1_MAG:_TTV-like_mini_virus_isolate_SAfiA-498-4,_complete_genome
2831	2912	 0.257	MN769499.1_MAG:_TTV-like_mini_virus_isolate_SAfiA-566-20,_complete_genome
2832	2911	 0.257	MN769638.1_MAG:_TTV-like_mini_virus_isolate_SAfiA-639-1474,_complete_genome
2833	2859	 0.257	MZ286280.1_Anelloviridae_sp._isolate_SP49_C5,_complete_genome
2834	2638	 0.257	MN779898.1_MAG:_Torque_teno_midi_virus_isolate_SAfiA-42-5_ORF1_gene,_complete_cds
2835	2557	 0.257	MN779101.1_MAG:_Torque_teno_midi_virus_isolate_SAfiA-124-56_ORF1_gene,_complete_cds
2836	2699	 0.257	MN775048.1_MAG:_Torque_teno_midi_virus_isolate_SAfiA-684-14_ORF1_gene,_complete_cds
2837	2863	 0.257	MN770248.1_MAG:_TTV-like_mini_virus_isolate_SAfiA-300-21,_complete_genome
2838	2460	 0.256	MN780240.1_MAG:_Torque_teno_midi_virus_isolate_SAfiA-449-31_ORF1_gene,_complete_cds
2839	2574	 0.256	MN780083.1_MAG:_Torque_teno_midi_virus_isolate_SAfiA-566-49_ORF1_gene,_complete_cds
2840	2630	 0.256	MN775490.1_MAG:_Torque_teno_midi_virus_isolate_SAfiA-667-30_ORF1_gene,_complete_cds
2841	3005	 0.256	MN779661.1_MAG:_Torque_teno_midi_virus_isolate_SAfiA-378-4_ORF1_gene,_complete_cds
2842	2544	 0.256	MN778803.1_MAG:_Torque_teno_midi_virus_isolate_SAfiA-595-57_ORF1_gene,_complete_cds
2843	2536	 0.256	MN777977.1_MAG:_Torque_teno_midi_virus_isolate_SAfiA-235-110_ORF1_gene,_complete_cds
2844	2726	 0.256	MN775032.1_MAG:_Torque_teno_midi_virus_isolate_SAfiA-247-36_ORF1_gene,_complete_cds
2845	2613	 0.256	MN777065.1_MAG:_Torque_teno_midi_virus_isolate_SAfiA-566-43_ORF1_gene,_complete_cds
2846	2466	 0.256	MN775276.1_MAG:_Torque_teno_midi_virus_isolate_SAfiA-596-12_ORF1_gene,_complete_cds
2847	2784	 0.256	MN770526.1_MAG:_TTV-like_mini_virus_isolate_SAfiA-314-21,_complete_genome
2848	2690	 0.255	MN775835.1_MAG:_Torque_teno_midi_virus_isolate_SAfiA-302-18_ORF1_gene,_complete_cds
2849	2245	 0.255	MN779090.1_MAG:_Torque_teno_midi_virus_isolate_SAfiA-10-45_ORF1_gene,_complete_cds
2850	2492	 0.255	MN780073.1_MAG:_Torque_teno_midi_virus_isolate_SAfiA-13-15_ORF1_gene,_complete_cds
2851	2637	 0.255	MN768625.1_MAG:_Torque_teno_mini_virus_isolate_SAfiA-696-7,_complete_ORF1
2852	2645	 0.255	MN777954.1_MAG:_Torque_teno_midi_virus_isolate_SAfiA-715-7_ORF1_gene,_complete_cds
2853	2848	 0.255	MN769389.1_MAG:_TTV-like_mini_virus_isolate_SAfiA-446-15,_complete_genome
2854	2830	 0.255	MN769573.1_MAG:_TTV-like_mini_virus_isolate_SAfiA-589-22,_complete_genome
2855	2600	 0.255	MN775893.1_MAG:_Torque_teno_midi_virus_isolate_SAfiA-360-46_ORF1_gene,_complete_cds
2856	2699	 0.255	MN776141.1_MAG:_Torque_teno_midi_virus_isolate_SAfiA-556-39_ORF1_gene,_complete_cds
2857	2719	 0.255	MN769825.1_MAG:_TTV-like_mini_virus_isolate_SAfiA-94-48,_complete_genome
2858	2697	 0.254	MN768659.1_MAG:_Torque_teno_mini_virus_isolate_SAfiA-721-29,_complete_ORF1
2859	2657	 0.254	MN779387.1_MAG:_Torque_teno_midi_virus_isolate_SAfiA-587-189_ORF1_gene,_complete_cds
2860	2755	 0.254	MN769262.1_MAG:_TTV-like_mini_virus_isolate_SAfiA-35-83,_complete_genome
2861	2583	 0.254	MZ286089.1_Anelloviridae_sp._isolate_SP30_C8,_complete_genome
2862	2654	 0.254	MN776844.1_MAG:_Torque_teno_midi_virus_isolate_SAfiA-591-19_ORF1_gene,_complete_cds
2863	2487	 0.254	MN775181.1_MAG:_Torque_teno_midi_virus_isolate_SAfiA-616-54_ORF1_gene,_complete_cds
2864	2617	 0.254	MN777974.1_MAG:_Torque_teno_midi_virus_isolate_SAfiA-224-49_ORF1_gene,_complete_cds
2865	2646	 0.254	MN776203.1_MAG:_Torque_teno_midi_virus_isolate_SAfiA-541-29_ORF1_gene,_complete_cds
2866	2731	 0.254	MN776109.1_MAG:_Torque_teno_midi_virus_isolate_SAfiA-625-19_ORF1_gene,_complete_cds
2867	2602	 0.254	MN775752.1_MAG:_Torque_teno_midi_virus_isolate_SAfiA-368-26_ORF1_gene,_complete_cds
2868	2471	 0.253	MN779142.1_MAG:_Torque_teno_midi_virus_isolate_SAfiA-334-84_ORF1_gene,_complete_cds
2869	2595	 0.253	MN775852.1_MAG:_Torque_teno_midi_virus_isolate_SAfiA-475-33_ORF1_gene,_complete_cds
2870	2634	 0.253	MN777677.1_MAG:_Torque_teno_midi_virus_isolate_SAfiA-712-6_ORF1_gene,_complete_cds
2871	2663	 0.253	MN779692.1_MAG:_Torque_teno_midi_virus_isolate_SAfiA-478-41_ORF1_gene,_complete_cds
2872	2623	 0.253	MN780038.1_MAG:_Torque_teno_midi_virus_isolate_SAfiA-423-13_ORF1_gene,_complete_cds
2873	2613	 0.253	MN776027.1_MAG:_Torque_teno_midi_virus_isolate_SAfiA-615-975_ORF1_gene,_complete_cds
2874	2647	 0.253	MN778949.1_MAG:_Torque_teno_midi_virus_isolate_SAfiA-346-81_ORF1_gene,_complete_cds
2875	2495	 0.253	MN775980.1_MAG:_Torque_teno_midi_virus_isolate_SAfiA-274-61_ORF1_gene,_complete_cds
2876	2491	 0.253	MN777968.1_MAG:_Torque_teno_midi_virus_isolate_SAfiA-102-108_ORF1_gene,_complete_cds
2877	2582	 0.253	MN778638.1_MAG:_Torque_teno_midi_virus_isolate_SAfiA-123-54_ORF1_gene,_complete_cds
2878	2473	 0.253	MN777846.1_MAG:_Torque_teno_midi_virus_isolate_SAfiA-591-34_ORF1_gene,_complete_cds
2879	2479	 0.253	MN779562.1_MAG:_Torque_teno_midi_virus_isolate_SAfiA-590-205_ORF1_gene,_complete_cds
2880	2754	 0.252	MN777946.1_MAG:_Torque_teno_midi_virus_isolate_SAfiA-242-1_ORF1_gene,_complete_cds
2881	2917	 0.252	MN769909.1_MAG:_TTV-like_mini_virus_isolate_SAfiA-349-22,_complete_genome
2882	2638	 0.252	MN776769.1_MAG:_Torque_teno_midi_virus_isolate_SAfiA-122-32_ORF1_gene,_complete_cds
2883	2617	 0.252	MN775204.1_MAG:_Torque_teno_midi_virus_isolate_SAfiA-13-13_ORF1_gene,_complete_cds
2884	2488	 0.252	MN779144.1_MAG:_Torque_teno_midi_virus_isolate_SAfiA-337-15_ORF1_gene,_complete_cds
2885	2582	 0.252	MN775358.1_MAG:_Torque_teno_midi_virus_isolate_SAfiA-107-50_ORF1_gene,_complete_cds
2886	2272	 0.252	MN775514.1_MAG:_Torque_teno_midi_virus_isolate_SAfiA-33-73_ORF1_gene,_complete_cds
2887	2977	 0.252	MN774974.1_MAG:_Torque_teno_midi_virus_isolate_SAfiA-45-3,_complete_genome
2888	2656	 0.252	MN776810.1_MAG:_Torque_teno_midi_virus_isolate_SAfiA-413-11_ORF1_gene,_complete_cds
2889	2520	 0.251	MN776802.1_MAG:_Torque_teno_midi_virus_isolate_SAfiA-386-24_ORF1_gene,_complete_cds
2890	2808	 0.251	MN771465.1_MAG:_TTV-like_mini_virus_isolate_SAfiA-587-13,_complete_genome
2891	2667	 0.251	MN777520.1_MAG:_Torque_teno_midi_virus_isolate_SAfiA-313A-45_ORF1_gene,_complete_cds
2892	2627	 0.251	MN775112.1_MAG:_Torque_teno_midi_virus_isolate_SAfiA-867-381_ORF1_gene,_complete_cds
2893	2837	 0.251	MZ286227.1_Anelloviridae_sp._isolate_SP1_C6,_complete_genome
2894	2549	 0.251	MN779852.1_MAG:_Torque_teno_midi_virus_isolate_SAfiA-577-255_ORF1_gene,_complete_cds
2895	2749	 0.251	MN778080.1_MAG:_Torque_teno_midi_virus_isolate_SAfiA-98-18_ORF1_gene,_complete_cds
2896	3229	 0.251	MN774940.1_MAG:_Torque_teno_midi_virus_isolate_SAfiA-108-10,_complete_genome
2897	2625	 0.251	MN780255.1_MAG:_Torque_teno_midi_virus_isolate_SAfiA-500-76_ORF1_gene,_complete_cds
2898	2635	 0.251	MN775718.1_MAG:_Torque_teno_midi_virus_isolate_SAfiA-51-36_ORF1_gene,_complete_cds
2899	2578	 0.251	MN775486.1_MAG:_Torque_teno_midi_virus_isolate_SAfiA-625-42_ORF1_gene,_complete_cds
2900	2938	 0.251	MN768705.1_MAG:_Torque_teno_mini_virus_isolate_SAfiA-82-3,_complete_ORF1
2901	2635	 0.251	MN776962.1_MAG:_Torque_teno_midi_virus_isolate_SAfiA-677-12_ORF1_gene,_complete_cds
2902	2901	 0.251	MN770451.1_MAG:_TTV-like_mini_virus_isolate_SAfiA-107-19,_complete_genome
2903	2848	 0.251	MN769260.1_MAG:_TTV-like_mini_virus_isolate_SAfiA-35-68,_complete_genome
2904	2597	 0.251	MN779506.1_MAG:_Torque_teno_midi_virus_isolate_SAfiA-541-34_ORF1_gene,_complete_cds
2905	2830	 0.250	MN770138.1_MAG:_TTV-like_mini_virus_isolate_SAfiA-313B-30,_complete_genome
2906	2588	 0.250	MN777630.1_MAG:_Torque_teno_midi_virus_isolate_SAfiA-587-260_ORF1_gene,_complete_cds
2907	2624	 0.250	MN780028.1_MAG:_Torque_teno_midi_virus_isolate_SAfiA-369-54_ORF1_gene,_complete_cds
2908	2574	 0.250	MN779263.1_MAG:_Torque_teno_midi_virus_isolate_SAfiA-108-39_ORF1_gene,_complete_cds
2909	3087	 0.250	MN778834.1_MAG:_Torque_teno_midi_virus_isolate_SAfiA-66-4_ORF1_gene,_complete_cds
2910	2588	 0.250	MN775377.1_MAG:_Torque_teno_midi_virus_isolate_SAfiA-440-22_ORF1_gene,_complete_cds
2911	2858	 0.250	MN771196.1_MAG:_TTV-like_mini_virus_isolate_SAfiA-861-153,_complete_genome
2912	2636	 0.250	MN775449.1_MAG:_Torque_teno_midi_virus_isolate_SAfiA-5A-26_ORF1_gene,_complete_cds
2913	2934	 0.250	MN769723.1_MAG:_TTV-like_mini_virus_isolate_SAfiA-760-2,_complete_genome
2914	2461	 0.250	MN775644.1_MAG:_Torque_teno_midi_virus_isolate_SAfiA-376-74_ORF1_gene,_complete_cds
2915	2558	 0.250	MN775354.1_MAG:_Torque_teno_midi_virus_isolate_SAfiA-646-29_ORF1_gene,_complete_cds
2916	2427	 0.250	MN776254.1_MAG:_Torque_teno_midi_virus_isolate_SAfiA-268-35_ORF1_gene,_complete_cds
2917	2570	 0.250	MN779743.1_MAG:_Torque_teno_midi_virus_isolate_SAfiA-626-51_ORF1_gene,_complete_cds
2918	2621	 0.250	MN777469.1_MAG:_Torque_teno_midi_virus_isolate_SAfiA-686-23_ORF1_gene,_complete_cds
2919	2713	 0.249	MN777170.1_MAG:_Torque_teno_midi_virus_isolate_SAfiA-61-19_ORF1_gene,_complete_cds
2920	2641	 0.249	MN777918.1_MAG:_Torque_teno_midi_virus_isolate_SAfiA-615-943_ORF1_gene,_complete_cds
2921	2600	 0.249	MN777464.1_MAG:_Torque_teno_midi_virus_isolate_SAfiA-676-45_ORF1_gene,_complete_cds
2922	2842	 0.249	MN769633.1_MAG:_TTV-like_mini_virus_isolate_SAfiA-628-39,_complete_genome
2923	2846	 0.249	MN768725.1_MAG:_Torque_teno_mini_virus_isolate_SAfiA-847-57,_complete_ORF1
2924	2655	 0.249	MN776927.1_MAG:_Torque_teno_midi_virus_isolate_SAfiA-123-43_ORF1_gene,_complete_cds
2925	2500	 0.249	MN777391.1_MAG:_Torque_teno_midi_virus_isolate_SAfiA-377-13_ORF1_gene,_complete_cds
2926	2826	 0.248	MN769488.1_MAG:_TTV-like_mini_virus_isolate_SAfiA-556-20,_complete_genome
2927	2475	 0.248	MN780157.1_MAG:_Torque_teno_midi_virus_isolate_SAfiA-118-26_ORF1_gene,_complete_cds
2928	2662	 0.248	MN778636.1_MAG:_Torque_teno_midi_virus_isolate_SAfiA-123-41_ORF1_gene,_complete_cds
2929	2596	 0.248	MN776529.1_MAG:_Torque_teno_midi_virus_isolate_SAfiA-367-60_ORF1_gene,_complete_cds
2930	2671	 0.248	MN779999.1_MAG:_Torque_teno_midi_virus_isolate_SAfiA-618-16_ORF1_gene,_complete_cds
2931	2637	 0.248	MN778458.1_MAG:_Torque_teno_midi_virus_isolate_SAfiA-858-126_ORF1_gene,_complete_cds
2932	2657	 0.248	MN778292.1_MAG:_Torque_teno_midi_virus_isolate_SAfiA-621-10_ORF1_gene,_complete_cds
2933	2634	 0.248	MN775530.1_MAG:_Torque_teno_midi_virus_isolate_SAfiA-459-3_ORF1_gene,_complete_cds
2934	2635	 0.248	MN778652.1_MAG:_Torque_teno_midi_virus_isolate_SAfiA-242-64_ORF1_gene,_complete_cds
2935	2637	 0.248	MN776641.1_MAG:_Torque_teno_midi_virus_isolate_SAfiA-413-12_ORF1_gene,_complete_cds
2936	2737	 0.248	MN775620.1_MAG:_Torque_teno_midi_virus_isolate_SAfiA-866-482_ORF1_gene,_complete_cds
2937	2819	 0.248	MN770264.1_MAG:_TTV-like_mini_virus_isolate_SAfiA-569-46,_complete_genome
2938	2727	 0.247	MN775569.1_MAG:_Torque_teno_midi_virus_isolate_SAfiA-716-12_ORF1_gene,_complete_cds
2939	2588	 0.247	MN780335.1_MAG:_Torque_teno_midi_virus_isolate_SAfiA-865-168_ORF1_gene,_complete_cds
2940	2957	 0.247	MN770634.1_MAG:_TTV-like_mini_virus_isolate_SAfiA-461-4,_complete_genome
2941	2507	 0.247	MN778567.1_MAG:_Torque_teno_midi_virus_isolate_SAfiA-610-45_ORF1_gene,_complete_cds
2942	2606	 0.247	MN775496.1_MAG:_Torque_teno_midi_virus_isolate_SAfiA-100A-43_ORF1_gene,_complete_cds
2943	2623	 0.247	MZ286034.1_Anelloviridae_sp._isolate_SP16_C17,_complete_genome
2944	2650	 0.247	MN775901.1_MAG:_Torque_teno_midi_virus_isolate_SAfiA-577-204_ORF1_gene,_complete_cds
2945	2515	 0.247	MN780364.1_MAG:_Torque_teno_midi_virus_isolate_SAfiA-254-2_ORF1_gene,_complete_cds
2946	3057	 0.247	MN780381.1_MAG:_Torque_teno_midi_virus_isolate_SAfiA-434-2_ORF1_gene,_complete_cds
2947	2623	 0.247	MN779861.1_MAG:_Torque_teno_midi_virus_isolate_SAfiA-611-244_ORF1_gene,_complete_cds
2948	2510	 0.247	MN776573.1_MAG:_Torque_teno_midi_virus_isolate_SAfiA-799-12_ORF1_gene,_complete_cds
2949	2503	 0.247	MN779425.1_MAG:_Torque_teno_midi_virus_isolate_SAfiA-334-78_ORF1_gene,_complete_cds
2950	2663	 0.247	MN778672.1_MAG:_Torque_teno_midi_virus_isolate_SAfiA-302-20_ORF1_gene,_complete_cds
2951	2501	 0.246	MN777699.1_MAG:_Torque_teno_midi_virus_isolate_SAfiA-458A-20_ORF1_gene,_complete_cds
2952	2515	 0.246	MN775145.1_MAG:_Torque_teno_midi_virus_isolate_SAfiA-334-75_ORF1_gene,_complete_cds
2953	2807	 0.246	MN769086.1_MAG:_TTV-like_mini_virus_isolate_SAfiA-224-33,_complete_genome
2954	2496	 0.246	MN777751.1_MAG:_Torque_teno_midi_virus_isolate_SAfiA-254-127_ORF1_gene,_complete_cds
2955	2750	 0.246	MN777164.1_MAG:_Torque_teno_midi_virus_isolate_SAfiA-432-2_ORF1_gene,_complete_cds
2956	2868	 0.246	MN769272.1_MAG:_TTV-like_mini_virus_isolate_SAfiA-361-25,_complete_genome
2957	2472	 0.246	MN776737.1_MAG:_Torque_teno_midi_virus_isolate_SAfiA-315-73_ORF1_gene,_complete_cds
2958	2810	 0.246	MN770148.1_MAG:_TTV-like_mini_virus_isolate_SAfiA-388-145,_complete_genome
2959	2633	 0.246	MN775555.1_MAG:_Torque_teno_midi_virus_isolate_SAfiA-598-14_ORF1_gene,_complete_cds
2960	2613	 0.246	MN778946.1_MAG:_Torque_teno_midi_virus_isolate_SAfiA-334-51_ORF1_gene,_complete_cds
2961	2637	 0.246	MN777224.1_MAG:_Torque_teno_midi_virus_isolate_SAfiA-659-34_ORF1_gene,_complete_cds
2962	2656	 0.246	MN778682.1_MAG:_Torque_teno_midi_virus_isolate_SAfiA-319-35_ORF1_gene,_complete_cds
2963	2480	 0.246	MN778118.1_MAG:_Torque_teno_midi_virus_isolate_SAfiA-380-209_ORF1_gene,_complete_cds
2964	2898	 0.245	MZ286288.1_Anelloviridae_sp._isolate_SP56_C6,_complete_genome
2965	2533	 0.245	MN776797.1_MAG:_Torque_teno_midi_virus_isolate_SAfiA-358-19_ORF1_gene,_complete_cds
2966	2510	 0.245	MN777760.1_MAG:_Torque_teno_midi_virus_isolate_SAfiA-297-154_ORF1_gene,_complete_cds
2967	2643	 0.245	MN775085.1_MAG:_Torque_teno_midi_virus_isolate_SAfiA-609-34_ORF1_gene,_complete_cds
2968	2634	 0.245	MN779718.1_MAG:_Torque_teno_midi_virus_isolate_SAfiA-587-205_ORF1_gene,_complete_cds
2969	3059	 0.245	MN780089.1_MAG:_Torque_teno_midi_virus_isolate_SAfiA-632-0_ORF1_gene,_complete_cds
2970	2565	 0.245	MN779389.1_MAG:_Torque_teno_midi_virus_isolate_SAfiA-5A-39_ORF1_gene,_complete_cds
2971	2705	 0.245	MN768975.1_MAG:_Torque_teno_mini_virus_isolate_SAfiA-301-19,_complete_ORF1
2972	3085	 0.245	MN776889.1_MAG:_Torque_teno_midi_virus_isolate_SAfiA-5A-6_ORF1_gene,_complete_cds
2973	2841	 0.245	MN770428.1_MAG:_TTV-like_mini_virus_isolate_SAfiA-646-15,_complete_genome
2974	2618	 0.245	MN779474.1_MAG:_Torque_teno_midi_virus_isolate_SAfiA-369-56_ORF1_gene,_complete_cds
2975	2831	 0.245	MN768669.1_MAG:_Torque_teno_mini_virus_isolate_SAfiA-741-1,_complete_ORF1
2976	2493	 0.245	MN775755.1_MAG:_Torque_teno_midi_virus_isolate_SAfiA-4-51_ORF1_gene,_complete_cds
2977	2470	 0.245	MN777800.1_MAG:_Torque_teno_midi_virus_isolate_SAfiA-393-63_ORF1_gene,_complete_cds
2978	2621	 0.245	MN768941.1_MAG:_Torque_teno_mini_virus_isolate_SAfiA-268-23,_complete_ORF1
2979	2573	 0.244	MN779928.1_MAG:_Torque_teno_midi_virus_isolate_SAfiA-373-28_ORF1_gene,_complete_cds
2980	2255	 0.244	MN776748.1_MAG:_Torque_teno_midi_virus_isolate_SAfiA-55-37_ORF1_gene,_complete_cds
2981	2487	 0.244	MN777393.1_MAG:_Torque_teno_midi_virus_isolate_SAfiA-380-205_ORF1_gene,_complete_cds
2982	2635	 0.244	MN779161.1_MAG:_Torque_teno_midi_virus_isolate_SAfiA-396-23_ORF1_gene,_complete_cds
2983	2777	 0.244	MN776978.1_MAG:_Torque_teno_midi_virus_isolate_SAfiA-41-9_ORF1_gene,_complete_cds
2984	2960	 0.244	MN769769.1_MAG:_TTV-like_mini_virus_isolate_SAfiA-857-184,_complete_genome
2985	2879	 0.244	MN768808.1_MAG:_Torque_teno_mini_virus_isolate_SAfiA-892-13,_complete_ORF1
2986	2518	 0.244	MN779922.1_MAG:_Torque_teno_midi_virus_isolate_SAfiA-319-78_ORF1_gene,_complete_cds
2987	2483	 0.244	MN778550.1_MAG:_Torque_teno_midi_virus_isolate_SAfiA-55-35_ORF1_gene,_complete_cds
2988	2561	 0.244	MN776581.1_MAG:_Torque_teno_midi_virus_isolate_SAfiA-346-120_ORF1_gene,_complete_cds
2989	2733	 0.244	MN778457.1_MAG:_Torque_teno_midi_virus_isolate_SAfiA-81-35_ORF1_gene,_complete_cds
2990	2417	 0.244	MN779889.1_MAG:_Torque_teno_midi_virus_isolate_SAfiA-234-64_ORF1_gene,_complete_cds
2991	2525	 0.243	MN776775.1_MAG:_Torque_teno_midi_virus_isolate_SAfiA-254-113_ORF1_gene,_complete_cds
2992	2943	 0.243	MN771329.1_MAG:_TTV-like_mini_virus_isolate_SAfiA-473-1,_complete_genome
2993	2669	 0.243	MN778083.1_MAG:_Torque_teno_midi_virus_isolate_SAfiA-361-51_ORF1_gene,_complete_cds
2994	2782	 0.243	MN768684.1_MAG:_Torque_teno_mini_virus_isolate_SAfiA-779-36,_complete_ORF1
2995	2861	 0.243	MN774983.1_MAG:_Torque_teno_midi_virus_isolate_SAfiA-426-3,_complete_genome
2996	2580	 0.243	MN776633.1_MAG:_Torque_teno_midi_virus_isolate_SAfiA-380-163_ORF1_gene,_complete_cds
2997	2873	 0.243	MN769681.1_MAG:_TTV-like_mini_virus_isolate_SAfiA-678-6,_complete_genome
2998	2497	 0.243	MN777593.1_MAG:_Torque_teno_midi_virus_isolate_SAfiA-478-70_ORF1_gene,_complete_cds
2999	2555	 0.243	MN780162.1_MAG:_Torque_teno_midi_virus_isolate_SAfiA-125-25_ORF1_gene,_complete_cds
3000	2502	 0.243	MN777121.1_MAG:_Torque_teno_midi_virus_isolate_SAfiA-684-35_ORF1_gene,_complete_cds
3001	2498	 0.243	MN776807.1_MAG:_Torque_teno_midi_virus_isolate_SAfiA-396-42_ORF1_gene,_complete_cds
3002	2702	 0.243	MN779794.1_MAG:_Torque_teno_midi_virus_isolate_SAfiA-95A-29_ORF1_gene,_complete_cds
3003	2907	 0.242	MN770145.1_MAG:_TTV-like_mini_virus_isolate_SAfiA-374-7,_complete_genome
3004	2920	 0.242	MN771011.1_MAG:_TTV-like_mini_virus_isolate_SAfiA-79-3,_complete_genome
3005	2498	 0.242	MN776097.1_MAG:_Torque_teno_midi_virus_isolate_SAfiA-866-576_ORF1_gene,_complete_cds
3006	2464	 0.242	MN776543.1_MAG:_Torque_teno_midi_virus_isolate_SAfiA-500-110_ORF1_gene,_complete_cds
3007	2559	 0.242	MN776827.1_MAG:_Torque_teno_midi_virus_isolate_SAfiA-51-46_ORF1_gene,_complete_cds
3008	2894	 0.242	MN769445.1_MAG:_TTV-like_mini_virus_isolate_SAfiA-509-5,_complete_genome
3009	2703	 0.242	MN775513.1_MAG:_Torque_teno_midi_virus_isolate_SAfiA-325-32_ORF1_gene,_complete_cds
3010	2928	 0.242	MN776138.1_MAG:_Torque_teno_midi_virus_isolate_SAfiA-874-30_ORF1_gene,_complete_cds
3011	2447	 0.242	MN775758.1_MAG:_Torque_teno_midi_virus_isolate_SAfiA-534-16_ORF1_gene,_complete_cds
3012	2522	 0.242	MN777603.1_MAG:_Torque_teno_midi_virus_isolate_SAfiA-526-17_ORF1_gene,_complete_cds
3013	2807	 0.242	MN770840.1_MAG:_TTV-like_mini_virus_isolate_SAfiA-264-15,_complete_genome
3014	2550	 0.242	MN777663.1_MAG:_Torque_teno_midi_virus_isolate_SAfiA-643-14_ORF1_gene,_complete_cds
3015	2516	 0.241	MN777031.1_MAG:_Torque_teno_midi_virus_isolate_SAfiA-441-23_ORF1_gene,_complete_cds
3016	2734	 0.241	MN775574.1_MAG:_Torque_teno_midi_virus_isolate_SAfiA-861-176_ORF1_gene,_complete_cds
3017	2631	 0.241	MN778226.1_MAG:_Torque_teno_midi_virus_isolate_SAfiA-398-33_ORF1_gene,_complete_cds
3018	2585	 0.241	MN768647.1_MAG:_Torque_teno_mini_virus_isolate_SAfiA-71-34,_complete_ORF1
3019	2458	 0.241	MN776471.1_MAG:_Torque_teno_midi_virus_isolate_SAfiA-5A-57_ORF1_gene,_complete_cds
3020	2514	 0.241	MN775675.1_MAG:_Torque_teno_midi_virus_isolate_SAfiA-587-313_ORF1_gene,_complete_cds
3021	2879	 0.241	MZ286229.1_Anelloviridae_sp._isolate_SP4_C1,_complete_genome
3022	2629	 0.241	MN779004.1_MAG:_Torque_teno_midi_virus_isolate_SAfiA-611-240_ORF1_gene,_complete_cds
3023	2462	 0.241	MN779272.1_MAG:_Torque_teno_midi_virus_isolate_SAfiA-5A-55_ORF1_gene,_complete_cds
3024	2580	 0.241	MN775398.1_MAG:_Torque_teno_midi_virus_isolate_SAfiA-108-38_ORF1_gene,_complete_cds
3025	2651	 0.241	MN779230.1_MAG:_Torque_teno_midi_virus_isolate_SAfiA-866-516_ORF1_gene,_complete_cds
3026	2961	 0.241	MN769541.1_MAG:_TTV-like_mini_virus_isolate_SAfiA-581-21,_complete_genome
3027	2508	 0.240	MN777518.1_MAG:_Torque_teno_midi_virus_isolate_SAfiA-311-37_ORF1_gene,_complete_cds
3028	2858	 0.240	MN768772.1_MAG:_Torque_teno_mini_virus_isolate_SAfiA-895-9,_complete_ORF1
3029	2911	 0.240	MN771453.1_MAG:_TTV-like_mini_virus_isolate_SAfiA-563-15,_complete_genome
3030	2824	 0.240	MN768735.1_MAG:_Torque_teno_mini_virus_isolate_SAfiA-861-191,_complete_ORF1
3031	2654	 0.240	MN777295.1_MAG:_Torque_teno_midi_virus_isolate_SAfiA-478-43_ORF1_gene,_complete_cds
3032	2738	 0.240	MN775564.1_MAG:_Torque_teno_midi_virus_isolate_SAfiA-651-41_ORF1_gene,_complete_cds
3033	2472	 0.240	MN778544.1_MAG:_Torque_teno_midi_virus_isolate_SAfiA-51-52_ORF1_gene,_complete_cds
3034	2549	 0.240	MN777381.1_MAG:_Torque_teno_midi_virus_isolate_SAfiA-352-43_ORF1_gene,_complete_cds
3035	2803	 0.240	MN771143.1_MAG:_TTV-like_mini_virus_isolate_SAfiA-587-170,_complete_genome
3036	2314	 0.240	MN780279.1_MAG:_Torque_teno_midi_virus_isolate_SAfiA-578-93_ORF1_gene,_complete_cds
3037	2565	 0.240	MN775692.1_MAG:_Torque_teno_midi_virus_isolate_SAfiA-712-7_ORF1_gene,_complete_cds
3038	2649	 0.240	MN776632.1_MAG:_Torque_teno_midi_virus_isolate_SAfiA-361-56_ORF1_gene,_complete_cds
3039	2616	 0.240	MN776755.1_MAG:_Torque_teno_midi_virus_isolate_SAfiA-626-45_ORF1_gene,_complete_cds
3040	2881	 0.240	MN779900.1_MAG:_Torque_teno_midi_virus_isolate_SAfiA-9-9_ORF1_gene,_complete_cds
3041	2492	 0.240	MN776406.1_MAG:_Torque_teno_midi_virus_isolate_SAfiA-401-57_ORF1_gene,_complete_cds
3042	2733	 0.239	MN777130.1_MAG:_Torque_teno_midi_virus_isolate_SAfiA-768-48_ORF1_gene,_complete_cds
3043	2837	 0.239	MN769619.1_MAG:_TTV-like_mini_virus_isolate_SAfiA-615-695,_complete_genome
3044	2983	 0.239	MN769888.1_MAG:_TTV-like_mini_virus_isolate_SAfiA-297-86,_complete_genome
3045	2600	 0.239	MN778194.1_MAG:_Torque_teno_midi_virus_isolate_SAfiA-346-101_ORF1_gene,_complete_cds
3046	2764	 0.239	MN777134.1_MAG:_Torque_teno_midi_virus_isolate_SAfiA-782-11_ORF1_gene,_complete_cds
3047	2638	 0.239	MN780064.1_MAG:_Torque_teno_midi_virus_isolate_SAfiA-840-0_ORF1_gene,_complete_cds
3048	2629	 0.239	MN779222.1_MAG:_Torque_teno_midi_virus_isolate_SAfiA-74-15_ORF1_gene,_complete_cds
3049	2542	 0.239	MN777287.1_MAG:_Torque_teno_midi_virus_isolate_SAfiA-309-44_ORF1_gene,_complete_cds
3050	2910	 0.239	MN771107.1_MAG:_TTV-like_mini_virus_isolate_SAfiA-385-8,_complete_genome
3051	2839	 0.239	MN769792.1_MAG:_TTV-like_mini_virus_isolate_SAfiA-873-39,_complete_genome
3052	2620	 0.239	MN777886.1_MAG:_Torque_teno_midi_virus_isolate_SAfiA-858-125_ORF1_gene,_complete_cds
3053	2634	 0.239	MN776619.1_MAG:_Torque_teno_midi_virus_isolate_SAfiA-319-40_ORF1_gene,_complete_cds
3054	2665	 0.239	MN777158.1_MAG:_Torque_teno_midi_virus_isolate_SAfiA-245-30_ORF1_gene,_complete_cds
3055	2477	 0.239	MN777790.1_MAG:_Torque_teno_midi_virus_isolate_SAfiA-367-77_ORF1_gene,_complete_cds
3056	2783	 0.238	MN777205.1_MAG:_Torque_teno_midi_virus_isolate_SAfiA-488-10_ORF1_gene,_complete_cds
3057	2885	 0.238	MN771109.1_MAG:_TTV-like_mini_virus_isolate_SAfiA-387-3,_complete_genome
3058	2651	 0.238	MN777242.1_MAG:_Torque_teno_midi_virus_isolate_SAfiA-353-80_ORF1_gene,_complete_cds
3059	2942	 0.238	MN770284.1_MAG:_TTV-like_mini_virus_isolate_SAfiA-125-13,_complete_genome
3060	2670	 0.238	MN777083.1_MAG:_Torque_teno_midi_virus_isolate_SAfiA-5B-10_ORF1_gene,_complete_cds
3061	2833	 0.238	MN770194.1_MAG:_TTV-like_mini_virus_isolate_SAfiA-413-6,_complete_genome
3062	2626	 0.238	MN775532.1_MAG:_Torque_teno_midi_virus_isolate_SAfiA-475-30_ORF1_gene,_complete_cds
3063	2872	 0.238	MN779297.1_MAG:_Torque_teno_midi_virus_isolate_SAfiA-394-9_ORF1_gene,_complete_cds
3064	2676	 0.238	MN776282.1_MAG:_Torque_teno_midi_virus_isolate_SAfiA-577-190_ORF1_gene,_complete_cds
3065	2838	 0.238	MN770312.1_MAG:_TTV-like_mini_virus_isolate_SAfiA-4-20,_complete_genome
3066	2597	 0.238	MN777179.1_MAG:_Torque_teno_midi_virus_isolate_SAfiA-302-24_ORF1_gene,_complete_cds
3067	2494	 0.238	MN780277.1_MAG:_Torque_teno_midi_virus_isolate_SAfiA-577-286_ORF1_gene,_complete_cds
3068	2694	 0.238	MN780471.1_MAG:_Torque_teno_midi_virus_isolate_SAfiA-57-49_ORF1_gene,_complete_cds
3069	2466	 0.237	MN768826.1_MAG:_Torque_teno_mini_virus_isolate_SAfiA-380-89,_complete_ORF1
3070	2628	 0.237	MN775579.1_MAG:_Torque_teno_midi_virus_isolate_SAfiA-898-4_ORF1_gene,_complete_cds
3071	2810	 0.237	MN768789.1_MAG:_Torque_teno_mini_virus_isolate_SAfiA-789-14,_complete_ORF1
3072	2635	 0.237	MN776466.1_MAG:_Torque_teno_midi_virus_isolate_SAfiA-587-204_ORF1_gene,_complete_cds
3073	2541	 0.237	MN777889.1_MAG:_Torque_teno_midi_virus_isolate_SAfiA-866-555_ORF1_gene,_complete_cds
3074	2617	 0.237	MN778153.1_MAG:_Torque_teno_midi_virus_isolate_SAfiA-106A-39_ORF1_gene,_complete_cds
3075	2603	 0.237	MN777355.1_MAG:_Torque_teno_midi_virus_isolate_SAfiA-247-50_ORF1_gene,_complete_cds
3076	2521	 0.237	MN779270.1_MAG:_Torque_teno_midi_virus_isolate_SAfiA-577-269_ORF1_gene,_complete_cds
3077	2466	 0.237	MN775348.1_MAG:_Torque_teno_midi_virus_isolate_SAfiA-625-56_ORF1_gene,_complete_cds
3078	2877	 0.237	MN769363.1_MAG:_TTV-like_mini_virus_isolate_SAfiA-413-5,_complete_genome
3079	2537	 0.237	MN775812.1_MAG:_Torque_teno_midi_virus_isolate_SAfiA-587-307_ORF1_gene,_complete_cds
3080	3088	 0.237	MN780410.1_MAG:_Torque_teno_midi_virus_isolate_SAfiA-758-2_ORF1_gene,_complete_cds
3081	2614	 0.237	MN779771.1_MAG:_Torque_teno_midi_virus_isolate_SAfiA-716-20_ORF1_gene,_complete_cds
3082	2510	 0.236	MN779105.1_MAG:_Torque_teno_midi_virus_isolate_SAfiA-12B-30_ORF1_gene,_complete_cds
3083	2506	 0.236	MN777874.1_MAG:_Torque_teno_midi_virus_isolate_SAfiA-70-55_ORF1_gene,_complete_cds
3084	2856	 0.236	MN769650.1_MAG:_TTV-like_mini_virus_isolate_SAfiA-646-13,_complete_genome
3085	2484	 0.236	MN777834.1_MAG:_Torque_teno_midi_virus_isolate_SAfiA-569-96_ORF1_gene,_complete_cds
3086	2753	 0.236	MN778114.1_MAG:_Torque_teno_midi_virus_isolate_SAfiA-123-31_ORF1_gene,_complete_cds
3087	2623	 0.236	MN776207.1_MAG:_Torque_teno_midi_virus_isolate_SAfiA-565-41_ORF1_gene,_complete_cds
3088	2505	 0.236	MN776942.1_MAG:_Torque_teno_midi_virus_isolate_SAfiA-254-121_ORF1_gene,_complete_cds
3089	2619	 0.236	MN776910.1_MAG:_Torque_teno_midi_virus_isolate_SAfiA-613-4_ORF1_gene,_complete_cds
3090	2852	 0.236	MN770101.1_MAG:_TTV-like_mini_virus_isolate_SAfiA-609-15,_complete_genome
3091	2517	 0.236	MN779403.1_MAG:_Torque_teno_midi_virus_isolate_SAfiA-707-7_ORF1_gene,_complete_cds
3092	3059	 0.236	MN780383.1_MAG:_Torque_teno_midi_virus_isolate_SAfiA-748-0_ORF1_gene,_complete_cds
3093	2465	 0.236	MN776572.1_MAG:_Torque_teno_midi_virus_isolate_SAfiA-77-232_ORF1_gene,_complete_cds
3094	2920	 0.236	MN769157.1_MAG:_TTV-like_mini_virus_isolate_SAfiA-297-93,_complete_genome
3095	2660	 0.236	MN777971.1_MAG:_Torque_teno_midi_virus_isolate_SAfiA-124-60_ORF1_gene,_complete_cds
3096	2602	 0.235	MN780261.1_MAG:_Torque_teno_midi_virus_isolate_SAfiA-523-37_ORF1_gene,_complete_cds
3097	2668	 0.235	MN779752.1_MAG:_Torque_teno_midi_virus_isolate_SAfiA-647-17_ORF1_gene,_complete_cds
3098	2901	 0.235	MN771276.1_MAG:_TTV-like_mini_virus_isolate_SAfiA-609-7,_complete_genome
3099	2839	 0.235	MN771001.1_MAG:_TTV-like_mini_virus_isolate_SAfiA-587-105,_complete_genome
3100	2644	 0.235	MN775455.1_MAG:_Torque_teno_midi_virus_isolate_SAfiA-686-21_ORF1_gene,_complete_cds
3101	2628	 0.235	MN780340.1_MAG:_Torque_teno_midi_virus_isolate_SAfiA-868-43_ORF1_gene,_complete_cds
3102	2846	 0.235	MN771492.1_MAG:_TTV-like_mini_virus_isolate_SAfiA-687-15,_complete_genome
3103	2600	 0.235	MN777752.1_MAG:_Torque_teno_midi_virus_isolate_SAfiA-254-87_ORF1_gene,_complete_cds
3104	2377	 0.235	MN777131.1_MAG:_Torque_teno_midi_virus_isolate_SAfiA-77-256_ORF1_gene,_complete_cds
3105	2654	 0.235	MN775831.1_MAG:_Torque_teno_midi_virus_isolate_SAfiA-248-20_ORF1_gene,_complete_cds
3106	2822	 0.235	MN769532.1_MAG:_TTV-like_mini_virus_isolate_SAfiA-575-4,_complete_genome
3107	2805	 0.235	MN777080.1_MAG:_Torque_teno_midi_virus_isolate_SAfiA-5A-22_ORF1_gene,_complete_cds
3108	2848	 0.235	MN768870.1_MAG:_Torque_teno_mini_virus_isolate_SAfiA-237-7,_complete_ORF1
3109	2854	 0.235	MN768778.1_MAG:_Torque_teno_mini_virus_isolate_SAfiA-316-7,_complete_ORF1
3110	2680	 0.234	MN779788.1_MAG:_Torque_teno_midi_virus_isolate_SAfiA-86-11_ORF1_gene,_complete_cds
3111	2716	 0.234	MN768894.1_MAG:_Torque_teno_mini_virus_isolate_SAfiA-244-23,_complete_ORF1
3112	2901	 0.234	MN770139.1_MAG:_TTV-like_mini_virus_isolate_SAfiA-326-19,_complete_genome
3113	2848	 0.234	MN769210.1_MAG:_TTV-like_mini_virus_isolate_SAfiA-339-10,_complete_genome
3114	2654	 0.234	MN778481.1_MAG:_Torque_teno_midi_virus_isolate_SAfiA-131-18_ORF1_gene,_complete_cds
3115	7517	 0.234	MH118060.1_Coxsackievirus_A10_strain_11-691-1,_complete_genome
3116	2657	 0.234	MN775185.1_MAG:_Torque_teno_midi_virus_isolate_SAfiA-68-19_ORF1_gene,_complete_cds
3117	2935	 0.234	MN769407.1_MAG:_TTV-like_mini_virus_isolate_SAfiA-475-5,_complete_genome
3118	2640	 0.234	MN777424.1_MAG:_Torque_teno_midi_virus_isolate_SAfiA-535-18_ORF1_gene,_complete_cds
3119	2501	 0.234	MN779408.1_MAG:_Torque_teno_midi_virus_isolate_SAfiA-870-21_ORF1_gene,_complete_cds
3120	2910	 0.234	MN770074.1_MAG:_TTV-like_mini_virus_isolate_SAfiA-410-2,_complete_genome
3121	2648	 0.234	MN778798.1_MAG:_Torque_teno_midi_virus_isolate_SAfiA-591-20_ORF1_gene,_complete_cds
3122	2905	 0.234	MZ286189.1_Anelloviridae_sp._isolate_SP51_C13,_complete_genome
3123	2614	 0.234	MN777449.1_MAG:_Torque_teno_midi_virus_isolate_SAfiA-625-34_ORF1_gene,_complete_cds
3124	2496	 0.234	MN780169.1_MAG:_Torque_teno_midi_virus_isolate_SAfiA-242-122_ORF1_gene,_complete_cds
3125	2518	 0.233	MN779373.1_MAG:_Torque_teno_midi_virus_isolate_SAfiA-441-22_ORF1_gene,_complete_cds
3126	2546	 0.233	MZ286198.1_Anelloviridae_sp._isolate_SP51_C22,_complete_genome
3127	2413	 0.233	MN777635.1_MAG:_Torque_teno_midi_virus_isolate_SAfiA-587-348_ORF1_gene,_complete_cds
3128	2588	 0.233	MN776308.1_MAG:_Torque_teno_midi_virus_isolate_SAfiA-94-57_ORF1_gene,_complete_cds
3129	2705	 0.233	MN775351.1_MAG:_Torque_teno_midi_virus_isolate_SAfiA-367-49_ORF1_gene,_complete_cds
3130	2569	 0.233	MN777186.1_MAG:_Torque_teno_midi_virus_isolate_SAfiA-93-26_ORF1_gene,_complete_cds
3131	2621	 0.233	MN779869.1_MAG:_Torque_teno_midi_virus_isolate_SAfiA-704-16_ORF1_gene,_complete_cds
3132	2874	 0.233	MN769149.1_MAG:_TTV-like_mini_virus_isolate_SAfiA-275-45,_complete_genome
3133	3030	 0.233	MN780411.1_MAG:_Torque_teno_midi_virus_isolate_SAfiA-766-243_ORF1_gene,_complete_cds
3134	2515	 0.233	MN778178.1_MAG:_Torque_teno_midi_virus_isolate_SAfiA-272-32_ORF1_gene,_complete_cds
3135	2885	 0.232	MN769314.1_MAG:_TTV-like_mini_virus_isolate_SAfiA-388-107,_complete_genome
3136	3025	 0.232	MN779910.1_MAG:_Torque_teno_midi_virus_isolate_SAfiA-552-18_ORF1_gene,_complete_cds
3137	2734	 0.232	MN775573.1_MAG:_Torque_teno_midi_virus_isolate_SAfiA-859-21_ORF1_gene,_complete_cds
3138	2830	 0.232	MN769801.1_MAG:_TTV-like_mini_virus_isolate_SAfiA-87-50,_complete_genome
3139	2368	 0.232	MN777744.1_MAG:_Torque_teno_midi_virus_isolate_SAfiA-235-131_ORF1_gene,_complete_cds
3140	2908	 0.232	MN769176.1_MAG:_TTV-like_mini_virus_isolate_SAfiA-314-13,_complete_genome
3141	2898	 0.232	MN771285.1_MAG:_TTV-like_mini_virus_isolate_SAfiA-658-13,_complete_genome
3142	2621	 0.232	MN775547.1_MAG:_Torque_teno_midi_virus_isolate_SAfiA-581-78_ORF1_gene,_complete_cds
3143	2212	 0.232	MN775265.1_MAG:_Torque_teno_midi_virus_isolate_SAfiA-552-97_ORF1_gene,_complete_cds
3144	2628	 0.232	MN775561.1_MAG:_Torque_teno_midi_virus_isolate_SAfiA-643-11_ORF1_gene,_complete_cds
3145	2826	 0.232	MN769790.1_MAG:_TTV-like_mini_virus_isolate_SAfiA-873-34,_complete_genome
3146	2872	 0.232	MN769730.1_MAG:_TTV-like_mini_virus_isolate_SAfiA-772-18,_complete_genome
3147	2915	 0.232	MN769812.1_MAG:_TTV-like_mini_virus_isolate_SAfiA-892-11,_complete_genome
3148	2629	 0.231	MN780254.1_MAG:_Torque_teno_midi_virus_isolate_SAfiA-500-74_ORF1_gene,_complete_cds
3149	2442	 0.231	MN779189.1_MAG:_Torque_teno_midi_virus_isolate_SAfiA-555-24_ORF1_gene,_complete_cds
3150	2779	 0.231	MZ286217.1_Anelloviridae_sp._isolate_SP58_C3,_complete_genome
3151	2551	 0.231	MN768791.1_MAG:_Torque_teno_mini_virus_isolate_SAfiA-804-78,_complete_ORF1
3152	2625	 0.231	MN776423.1_MAG:_Torque_teno_midi_virus_isolate_SAfiA-118-17_ORF1_gene,_complete_cds
3153	2764	 0.231	MN775372.1_MAG:_Torque_teno_midi_virus_isolate_SAfiA-349-45_ORF1_gene,_complete_cds
3154	2496	 0.231	MN776070.1_MAG:_Torque_teno_midi_virus_isolate_SAfiA-380-198_ORF1_gene,_complete_cds
3155	2703	 0.231	MN776305.1_MAG:_Torque_teno_midi_virus_isolate_SAfiA-866-496_ORF1_gene,_complete_cds
3156	2682	 0.231	MN768646.1_MAG:_Torque_teno_mini_virus_isolate_SAfiA-71-31,_complete_ORF1
3157	2995	 0.231	MN780093.1_MAG:_Torque_teno_midi_virus_isolate_SAfiA-653-4_ORF1_gene,_complete_cds
3158	2930	 0.231	MN769572.1_MAG:_TTV-like_mini_virus_isolate_SAfiA-589-14,_complete_genome
3159	2627	 0.231	MN776101.1_MAG:_Torque_teno_midi_virus_isolate_SAfiA-315-44_ORF1_gene,_complete_cds
3160	3048	 0.231	MN780404.1_MAG:_Torque_teno_midi_virus_isolate_SAfiA-853-1_ORF1_gene,_complete_cds
3161	2898	 0.231	MN771282.1_MAG:_TTV-like_mini_virus_isolate_SAfiA-625-8,_complete_genome
3162	3033	 0.231	MN775002.1_MAG:_Torque_teno_midi_virus_isolate_SAfiA-582-12_ORF1_gene,_complete_cds
3163	2672	 0.231	MN779615.1_MAG:_Torque_teno_midi_virus_isolate_SAfiA-268-21_ORF1_gene,_complete_cds
3164	2642	 0.230	MN776643.1_MAG:_Torque_teno_midi_virus_isolate_SAfiA-421-29_ORF1_gene,_complete_cds
3165	2942	 0.230	MN769811.1_MAG:_TTV-like_mini_virus_isolate_SAfiA-888-2,_complete_genome
3166	2620	 0.230	MN780204.1_MAG:_Torque_teno_midi_virus_isolate_SAfiA-346-92_ORF1_gene,_complete_cds
3167	2755	 0.230	MN769288.1_MAG:_TTV-like_mini_virus_isolate_SAfiA-369-35,_complete_genome
3168	2653	 0.230	MN778670.1_MAG:_Torque_teno_midi_virus_isolate_SAfiA-297-126_ORF1_gene,_complete_cds
3169	2931	 0.230	MN769371.1_MAG:_TTV-like_mini_virus_isolate_SAfiA-421-11,_complete_genome
3170	2590	 0.230	MN777285.1_MAG:_Torque_teno_midi_virus_isolate_SAfiA-235-94_ORF1_gene,_complete_cds
3171	2982	 0.230	MN769044.1_MAG:_TTV-like_mini_virus_isolate_SAfiA-108-13,_complete_genome
3172	2479	 0.230	MN776819.1_MAG:_Torque_teno_midi_virus_isolate_SAfiA-478-64_ORF1_gene,_complete_cds
3173	2540	 0.230	MN775996.1_MAG:_Torque_teno_midi_virus_isolate_SAfiA-353-118_ORF1_gene,_complete_cds
3174	2577	 0.230	MN775875.1_MAG:_Torque_teno_midi_virus_isolate_SAfiA-628-89_ORF1_gene,_complete_cds
3175	2975	 0.229	MN769868.1_MAG:_TTV-like_mini_virus_isolate_SAfiA-128A-11,_complete_genome
3176	2845	 0.229	MN778777.1_MAG:_Torque_teno_midi_virus_isolate_SAfiA-541-22_ORF1_gene,_complete_cds
3177	2957	 0.229	MN770505.1_MAG:_TTV-like_mini_virus_isolate_SAfiA-269-4,_complete_genome
3178	2773	 0.229	MN768663.1_MAG:_Torque_teno_mini_virus_isolate_SAfiA-723-4,_complete_ORF1
3179	2861	 0.229	MZ286219.1_Anelloviridae_sp._isolate_SP59_C3,_complete_genome
3180	2504	 0.229	MN775510.1_MAG:_Torque_teno_midi_virus_isolate_SAfiA-315-66_ORF1_gene,_complete_cds
3181	2682	 0.229	MN776103.1_MAG:_Torque_teno_midi_virus_isolate_SAfiA-449-14_ORF1_gene,_complete_cds
3182	2606	 0.229	MN777110.1_MAG:_Torque_teno_midi_virus_isolate_SAfiA-646-27_ORF1_gene,_complete_cds
3183	2716	 0.229	MN775833.1_MAG:_Torque_teno_midi_virus_isolate_SAfiA-268-25_ORF1_gene,_complete_cds
3184	2960	 0.229	MN769600.1_MAG:_TTV-like_mini_virus_isolate_SAfiA-609-6,_complete_genome
3185	2937	 0.229	MN770656.1_MAG:_TTV-like_mini_virus_isolate_SAfiA-536-4,_complete_genome
3186	2536	 0.228	MN778047.1_MAG:_Torque_teno_midi_virus_isolate_SAfiA-593-64_ORF1_gene,_complete_cds
3187	2629	 0.228	MN780343.1_MAG:_Torque_teno_midi_virus_isolate_SAfiA-87-84_ORF1_gene,_complete_cds
3188	2245	 0.228	MN779453.1_MAG:_Torque_teno_midi_virus_isolate_SAfiA-587-361_ORF1_gene,_complete_cds
3189	2972	 0.228	MN780400.1_MAG:_Torque_teno_midi_virus_isolate_SAfiA-431-1_ORF1_gene,_complete_cds
3190	2537	 0.228	MN776390.1_MAG:_Torque_teno_midi_virus_isolate_SAfiA-346-134_ORF1_gene,_complete_cds
3191	2499	 0.228	MN777521.1_MAG:_Torque_teno_midi_virus_isolate_SAfiA-315-67_ORF1_gene,_complete_cds
3192	2566	 0.228	MN778645.1_MAG:_Torque_teno_midi_virus_isolate_SAfiA-235-102_ORF1_gene,_complete_cds
3193	2868	 0.228	MN771104.1_MAG:_TTV-like_mini_virus_isolate_SAfiA-369-21,_complete_genome
3194	2605	 0.228	MN778014.1_MAG:_Torque_teno_midi_virus_isolate_SAfiA-390-17_ORF1_gene,_complete_cds
3195	3065	 0.228	MN779908.1_MAG:_Torque_teno_midi_virus_isolate_SAfiA-251-12_ORF1_gene,_complete_cds
3196	2570	 0.228	MN778066.1_MAG:_Torque_teno_midi_virus_isolate_SAfiA-666-34_ORF1_gene,_complete_cds
3197	2777	 0.228	MN776270.1_MAG:_Torque_teno_midi_virus_isolate_SAfiA-440-15_ORF1_gene,_complete_cds
3198	2579	 0.228	MN776433.1_MAG:_Torque_teno_midi_virus_isolate_SAfiA-242-69_ORF1_gene,_complete_cds
3199	2867	 0.228	MN780003.1_MAG:_Torque_teno_midi_virus_isolate_SAfiA-660-1110_ORF1_gene,_complete_cds
3200	2947	 0.228	MN774957.1_MAG:_Torque_teno_midi_virus_isolate_SAfiA-549-8,_complete_genome
3201	2566	 0.228	MN777140.1_MAG:_Torque_teno_midi_virus_isolate_SAfiA-81-53_ORF1_gene,_complete_cds
3202	2950	 0.228	MN770629.1_MAG:_TTV-like_mini_virus_isolate_SAfiA-441-4,_complete_genome
3203	2897	 0.228	MN771015.1_MAG:_TTV-like_mini_virus_isolate_SAfiA-246-5,_complete_genome
3204	2922	 0.228	MN770863.1_MAG:_TTV-like_mini_virus_isolate_SAfiA-502-11,_complete_genome
3205	2814	 0.227	MN770343.1_MAG:_TTV-like_mini_virus_isolate_SAfiA-314-24,_complete_genome
3206	2846	 0.227	MN770867.1_MAG:_TTV-like_mini_virus_isolate_SAfiA-272-12,_complete_genome
3207	2665	 0.227	MN779638.1_MAG:_Torque_teno_midi_virus_isolate_SAfiA-33-31_ORF1_gene,_complete_cds
3208	2688	 0.227	MN778091.1_MAG:_Torque_teno_midi_virus_isolate_SAfiA-615-831_ORF1_gene,_complete_cds
3209	2427	 0.227	MN780227.1_MAG:_Torque_teno_midi_virus_isolate_SAfiA-414-79_ORF1_gene,_complete_cds
3210	2522	 0.227	MN777395.1_MAG:_Torque_teno_midi_virus_isolate_SAfiA-390-25_ORF1_gene,_complete_cds
3211	2971	 0.227	MN776992.1_MAG:_Torque_teno_midi_virus_isolate_SAfiA-773-5_ORF1_gene,_complete_cds
3212	2863	 0.227	MN769803.1_MAG:_TTV-like_mini_virus_isolate_SAfiA-88-13,_complete_genome
3213	2525	 0.227	MN777835.1_MAG:_Torque_teno_midi_virus_isolate_SAfiA-570-18_ORF1_gene,_complete_cds
3214	2910	 0.227	MN770602.1_MAG:_TTV-like_mini_virus_isolate_SAfiA-388-34,_complete_genome
3215	2473	 0.227	MN778017.1_MAG:_Torque_teno_midi_virus_isolate_SAfiA-409-8_ORF1_gene,_complete_cds
3216	2826	 0.227	MN769653.1_MAG:_TTV-like_mini_virus_isolate_SAfiA-647-12,_complete_genome
3217	2492	 0.227	MN776467.1_MAG:_Torque_teno_midi_virus_isolate_SAfiA-587-299_ORF1_gene,_complete_cds
3218	2770	 0.227	MN768635.1_MAG:_Torque_teno_mini_virus_isolate_SAfiA-701-11,_complete_ORF1
3219	2728	 0.227	MN780351.1_MAG:_Torque_teno_midi_virus_isolate_SAfiA-523-21_ORF1_gene,_complete_cds
3220	2468	 0.227	MN776280.1_MAG:_Torque_teno_midi_virus_isolate_SAfiA-51-53_ORF1_gene,_complete_cds
3221	2967	 0.227	MN776355.1_MAG:_Torque_teno_midi_virus_isolate_SAfiA-709-4_ORF1_gene,_complete_cds
3222	2897	 0.226	MN769838.1_MAG:_TTV-like_mini_virus_isolate_SAfiA-461-7,_complete_genome
3223	2572	 0.226	MN779518.1_MAG:_Torque_teno_midi_virus_isolate_SAfiA-676-53_ORF1_gene,_complete_cds
3224	2496	 0.226	MN779264.1_MAG:_Torque_teno_midi_virus_isolate_SAfiA-238-29_ORF1_gene,_complete_cds
3225	2575	 0.226	MN777448.1_MAG:_Torque_teno_midi_virus_isolate_SAfiA-624-29_ORF1_gene,_complete_cds
3226	2912	 0.226	MN769106.1_MAG:_TTV-like_mini_virus_isolate_SAfiA-235-40,_complete_genome
3227	2492	 0.226	MN777587.1_MAG:_Torque_teno_midi_virus_isolate_SAfiA-4-52_ORF1_gene,_complete_cds
3228	2712	 0.226	MN776440.1_MAG:_Torque_teno_midi_virus_isolate_SAfiA-325-31_ORF1_gene,_complete_cds
3229	2839	 0.226	MN769582.1_MAG:_TTV-like_mini_virus_isolate_SAfiA-591-14,_complete_genome
3230	2469	 0.226	MN777451.1_MAG:_Torque_teno_midi_virus_isolate_SAfiA-626-68_ORF1_gene,_complete_cds
3231	2972	 0.226	MN770770.1_MAG:_TTV-like_mini_virus_isolate_SAfiA-803-5,_complete_genome
3232	2739	 0.226	MN771481.1_MAG:_TTV-like_mini_virus_isolate_SAfiA-628-67,_complete_genome
3233	2625	 0.225	MN780097.1_MAG:_Torque_teno_midi_virus_isolate_SAfiA-867-382_ORF1_gene,_complete_cds
3234	2659	 0.225	MN779605.1_MAG:_Torque_teno_midi_virus_isolate_SAfiA-232-27_ORF1_gene,_complete_cds
3235	2938	 0.225	MN770190.1_MAG:_TTV-like_mini_virus_isolate_SAfiA-38-5,_complete_genome
3236	2663	 0.225	MN778740.1_MAG:_Torque_teno_midi_virus_isolate_SAfiA-413-10_ORF1_gene,_complete_cds
3237	2659	 0.225	MN775328.1_MAG:_Torque_teno_midi_virus_isolate_SAfiA-578-43_ORF1_gene,_complete_cds
3238	2799	 0.225	MN771418.1_MAG:_TTV-like_mini_virus_isolate_SAfiA-35-78,_complete_genome
3239	2576	 0.225	MN777765.1_MAG:_Torque_teno_midi_virus_isolate_SAfiA-308-38_ORF1_gene,_complete_cds
3240	2621	 0.225	MN779021.1_MAG:_Torque_teno_midi_virus_isolate_SAfiA-388-249_ORF1_gene,_complete_cds
3241	2471	 0.225	MN776222.1_MAG:_Torque_teno_midi_virus_isolate_SAfiA-611-286_ORF1_gene,_complete_cds
3242	2960	 0.225	MN770081.1_MAG:_TTV-like_mini_virus_isolate_SAfiA-488-5,_complete_genome
3243	2777	 0.225	MN768914.1_MAG:_Torque_teno_mini_virus_isolate_SAfiA-254-40,_complete_ORF1
3244	2785	 0.225	MN768656.1_MAG:_Torque_teno_mini_virus_isolate_SAfiA-721-25,_complete_ORF1
3245	2586	 0.225	MN776531.1_MAG:_Torque_teno_midi_virus_isolate_SAfiA-389-16_ORF1_gene,_complete_cds
3246	2576	 0.225	MN779390.1_MAG:_Torque_teno_midi_virus_isolate_SAfiA-607-4_ORF1_gene,_complete_cds
3247	2895	 0.225	MN770474.1_MAG:_TTV-like_mini_virus_isolate_SAfiA-232-18,_complete_genome
3248	2641	 0.225	MN779827.1_MAG:_Torque_teno_midi_virus_isolate_SAfiA-361-58_ORF1_gene,_complete_cds
3249	2514	 0.225	MN777496.1_MAG:_Torque_teno_midi_virus_isolate_SAfiA-235-115_ORF1_gene,_complete_cds
3250	2558	 0.225	MN777104.1_MAG:_Torque_teno_midi_virus_isolate_SAfiA-628-97_ORF1_gene,_complete_cds
3251	2503	 0.225	OL694833.1_Torque_teno_mini_virus_10_isolate_TTMV-AMS-S2-09_ORF1_gene,_complete_cds
3252	2632	 0.225	MN776599.1_MAG:_Torque_teno_midi_virus_isolate_SAfiA-240-24_ORF1_gene,_complete_cds
3253	7511	 0.225	MH118041.1_Coxsackievirus_A10_strain_16-2871-1,_complete_genome
3254	2836	 0.225	MN769756.1_MAG:_TTV-like_mini_virus_isolate_SAfiA-823-7,_complete_genome
3255	2910	 0.225	MN769722.1_MAG:_TTV-like_mini_virus_isolate_SAfiA-757-5,_complete_genome
3256	2541	 0.225	MN777101.1_MAG:_Torque_teno_midi_virus_isolate_SAfiA-628-100_ORF1_gene,_complete_cds
3257	3066	 0.224	MN774932.1_MAG:_Torque_teno_midi_virus_isolate_SAfiA-376-5,_complete_genome
3258	2959	 0.224	MN770998.1_MAG:_TTV-like_mini_virus_isolate_SAfiA-441-3,_complete_genome
3259	2607	 0.224	MN778353.1_MAG:_Torque_teno_midi_virus_isolate_SAfiA-11-64_ORF1_gene,_complete_cds
3260	2492	 0.224	MN775485.1_MAG:_Torque_teno_midi_virus_isolate_SAfiA-621-24_ORF1_gene,_complete_cds
3261	2651	 0.224	MN778225.1_MAG:_Torque_teno_midi_virus_isolate_SAfiA-398-32_ORF1_gene,_complete_cds
3262	2513	 0.224	MN768910.1_MAG:_Torque_teno_mini_virus_isolate_SAfiA-254-112,_complete_ORF1
3263	2585	 0.224	MN777119.1_MAG:_Torque_teno_midi_virus_isolate_SAfiA-677-16_ORF1_gene,_complete_cds
3264	2486	 0.224	MN780202.1_MAG:_Torque_teno_midi_virus_isolate_SAfiA-346-175_ORF1_gene,_complete_cds
3265	2566	 0.223	MN779996.1_MAG:_Torque_teno_midi_virus_isolate_SAfiA-583-35_ORF1_gene,_complete_cds
3266	2652	 0.223	MN778659.1_MAG:_Torque_teno_midi_virus_isolate_SAfiA-263-33_ORF1_gene,_complete_cds
3267	2647	 0.223	MN775707.1_MAG:_Torque_teno_midi_virus_isolate_SAfiA-122-30_ORF1_gene,_complete_cds
3268	2848	 0.223	MZ286265.1_Anelloviridae_sp._isolate_SP37_C5,_complete_genome
3269	2581	 0.223	MN777035.1_MAG:_Torque_teno_midi_virus_isolate_SAfiA-445-18_ORF1_gene,_complete_cds
3270	2518	 0.223	MN779399.1_MAG:_Torque_teno_midi_virus_isolate_SAfiA-634-39_ORF1_gene,_complete_cds
3271	3031	 0.223	MN780378.1_MAG:_Torque_teno_midi_virus_isolate_SAfiA-893-4_ORF1_gene,_complete_cds
3272	2941	 0.223	MN769752.1_MAG:_TTV-like_mini_virus_isolate_SAfiA-822-10,_complete_genome
3273	2845	 0.223	MN770093.1_MAG:_TTV-like_mini_virus_isolate_SAfiA-581-25,_complete_genome
3274	2498	 0.223	MN776094.1_MAG:_Torque_teno_midi_virus_isolate_SAfiA-799-13_ORF1_gene,_complete_cds
3275	2902	 0.223	MN770915.1_MAG:_TTV-like_mini_virus_isolate_SAfiA-647-8,_complete_genome
3276	2868	 0.223	MN780360.1_MAG:_Torque_teno_midi_virus_isolate_SAfiA-306A-6_ORF1_gene,_complete_cds
3277	2993	 0.223	MN776993.1_MAG:_Torque_teno_midi_virus_isolate_SAfiA-278-6_ORF1_gene,_complete_cds
3278	2632	 0.223	MN779184.1_MAG:_Torque_teno_midi_virus_isolate_SAfiA-528-17_ORF1_gene,_complete_cds
3279	2569	 0.222	MN776840.1_MAG:_Torque_teno_midi_virus_isolate_SAfiA-582-31_ORF1_gene,_complete_cds
3280	2578	 0.222	MN778241.1_MAG:_Torque_teno_midi_virus_isolate_SAfiA-480-9_ORF1_gene,_complete_cds
3281	2632	 0.222	MN780053.1_MAG:_Torque_teno_midi_virus_isolate_SAfiA-611-238_ORF1_gene,_complete_cds
3282	2884	 0.222	MN769350.1_MAG:_TTV-like_mini_virus_isolate_SAfiA-401-17,_complete_genome
3283	2747	 0.222	MN778781.1_MAG:_Torque_teno_midi_virus_isolate_SAfiA-55-20_ORF1_gene,_complete_cds
3284	2558	 0.222	MN776159.1_MAG:_Torque_teno_midi_virus_isolate_SAfiA-254-101_ORF1_gene,_complete_cds
3285	2931	 0.222	MN769159.1_MAG:_TTV-like_mini_virus_isolate_SAfiA-299A-16,_complete_genome
3286	2677	 0.222	MN779631.1_MAG:_Torque_teno_midi_virus_isolate_SAfiA-320-11_ORF1_gene,_complete_cds
3287	2870	 0.222	MN768771.1_MAG:_Torque_teno_mini_virus_isolate_SAfiA-894-50,_complete_ORF1
3288	2797	 0.222	MN769644.1_MAG:_TTV-like_mini_virus_isolate_SAfiA-642-49,_complete_genome
3289	2545	 0.222	MN780040.1_MAG:_Torque_teno_midi_virus_isolate_SAfiA-471-3_ORF1_gene,_complete_cds
3290	2781	 0.221	MN768761.1_MAG:_Torque_teno_mini_virus_isolate_SAfiA-88-34,_complete_ORF1
3291	2838	 0.221	MN769355.1_MAG:_TTV-like_mini_virus_isolate_SAfiA-402-24,_complete_genome
3292	2618	 0.221	MN778811.1_MAG:_Torque_teno_midi_virus_isolate_SAfiA-611-249_ORF1_gene,_complete_cds
3293	2884	 0.221	MN769767.1_MAG:_TTV-like_mini_virus_isolate_SAfiA-854-14,_complete_genome
3294	2577	 0.221	MN775762.1_MAG:_Torque_teno_midi_virus_isolate_SAfiA-608-15_ORF1_gene,_complete_cds
3295	2885	 0.221	MN769989.1_MAG:_TTV-like_mini_virus_isolate_SAfiA-628-29,_complete_genome
3296	2674	 0.221	MN779789.1_MAG:_Torque_teno_midi_virus_isolate_SAfiA-865-157_ORF1_gene,_complete_cds
3297	2896	 0.221	MN771154.1_MAG:_TTV-like_mini_virus_isolate_SAfiA-625-12,_complete_genome
3298	2968	 0.221	MN769112.1_MAG:_TTV-like_mini_virus_isolate_SAfiA-239-5,_complete_genome
3299	2964	 0.221	MN165096.1_TTV-like_mini_virus_isolate_Chzj69_hypothetical_protein_gene,_complete_cds
3300	2575	 0.221	MN778865.1_MAG:_Torque_teno_midi_virus_isolate_SAfiA-796-15_ORF1_gene,_complete_cds
3301	2627	 0.221	MN779894.1_MAG:_Torque_teno_midi_virus_isolate_SAfiA-388-243_ORF1_gene,_complete_cds
3302	2900	 0.221	MN771348.1_MAG:_TTV-like_mini_virus_isolate_SAfiA-251-19,_complete_genome
3303	2988	 0.221	MN779904.1_MAG:_Torque_teno_midi_virus_isolate_SAfiA-706-4_ORF1_gene,_complete_cds
3304	2884	 0.221	MN768696.1_MAG:_Torque_teno_mini_virus_isolate_SAfiA-809-2,_complete_ORF1
3305	2630	 0.221	MN777832.1_MAG:_Torque_teno_midi_virus_isolate_SAfiA-567-35_ORF1_gene,_complete_cds
3306	2520	 0.220	MN777839.1_MAG:_Torque_teno_midi_virus_isolate_SAfiA-578-86_ORF1_gene,_complete_cds
3307	2644	 0.220	MN775081.1_MAG:_Torque_teno_midi_virus_isolate_SAfiA-102-74_ORF1_gene,_complete_cds
3308	2660	 0.220	MN778658.1_MAG:_Torque_teno_midi_virus_isolate_SAfiA-263-32_ORF1_gene,_complete_cds
3309	2879	 0.220	MN768666.1_MAG:_Torque_teno_mini_virus_isolate_SAfiA-73-4,_complete_ORF1
3310	2622	 0.220	MN777175.1_MAG:_Torque_teno_midi_virus_isolate_SAfiA-731-14_ORF1_gene,_complete_cds
3311	2894	 0.220	MN769539.1_MAG:_TTV-like_mini_virus_isolate_SAfiA-581-19,_complete_genome
3312	2558	 0.220	MN779822.1_MAG:_Torque_teno_midi_virus_isolate_SAfiA-346-124_ORF1_gene,_complete_cds
3313	2556	 0.220	MN780232.1_MAG:_Torque_teno_midi_virus_isolate_SAfiA-441-18_ORF1_gene,_complete_cds
3314	2653	 0.220	MN775083.1_MAG:_Torque_teno_midi_virus_isolate_SAfiA-567-33_ORF1_gene,_complete_cds
3315	2464	 0.220	MN778872.1_MAG:_Torque_teno_midi_virus_isolate_SAfiA-81-62_ORF1_gene,_complete_cds
3316	2603	 0.220	MN776647.1_MAG:_Torque_teno_midi_virus_isolate_SAfiA-458B-4_ORF1_gene,_complete_cds
3317	2509	 0.220	MN777680.1_MAG:_Torque_teno_midi_virus_isolate_SAfiA-768-17_ORF1_gene,_complete_cds
3318	2492	 0.220	MN775365.1_MAG:_Torque_teno_midi_virus_isolate_SAfiA-263-54_ORF1_gene,_complete_cds
3319	2987	 0.220	MN770774.1_MAG:_TTV-like_mini_virus_isolate_SAfiA-812-30,_complete_genome
3320	2946	 0.220	MN770310.1_MAG:_TTV-like_mini_virus_isolate_SAfiA-402-14,_complete_genome
3321	2662	 0.219	MN778688.1_MAG:_Torque_teno_midi_virus_isolate_SAfiA-33-33_ORF1_gene,_complete_cds
3322	2839	 0.219	MN770967.1_MAG:_TTV-like_mini_virus_isolate_SAfiA-235-44,_complete_genome
3323	2719	 0.219	MN775789.1_MAG:_Torque_teno_midi_virus_isolate_SAfiA-11-34_ORF1_gene,_complete_cds
3324	2624	 0.219	MN778468.1_MAG:_Torque_teno_midi_virus_isolate_SAfiA-10-26_ORF1_gene,_complete_cds
3325	2956	 0.219	MN769425.1_MAG:_TTV-like_mini_virus_isolate_SAfiA-488-4,_complete_genome
3326	2594	 0.219	MN779783.1_MAG:_Torque_teno_midi_virus_isolate_SAfiA-82-9_ORF1_gene,_complete_cds
3327	2655	 0.219	MN776289.1_MAG:_Torque_teno_midi_virus_isolate_SAfiA-601-16_ORF1_gene,_complete_cds
3328	2854	 0.219	MN768639.1_MAG:_Torque_teno_mini_virus_isolate_SAfiA-705-4,_complete_ORF1
3329	2680	 0.219	MN768991.1_MAG:_Torque_teno_mini_virus_isolate_SAfiA-306A-48,_complete_ORF1
3330	2626	 0.218	MN777360.1_MAG:_Torque_teno_midi_virus_isolate_SAfiA-272-21_ORF1_gene,_complete_cds
3331	2486	 0.218	MN776158.1_MAG:_Torque_teno_midi_virus_isolate_SAfiA-250-30_ORF1_gene,_complete_cds
3332	3146	 0.218	MN779255.1_MAG:_Torque_teno_midi_virus_isolate_SAfiA-398-6_ORF1_gene,_complete_cds
3333	2494	 0.218	MN779558.1_MAG:_Torque_teno_midi_virus_isolate_SAfiA-566-57_ORF1_gene,_complete_cds
3334	2519	 0.218	MN778561.1_MAG:_Torque_teno_midi_virus_isolate_SAfiA-593-66_ORF1_gene,_complete_cds
3335	2506	 0.218	MN779817.1_MAG:_Torque_teno_midi_virus_isolate_SAfiA-319-84_ORF1_gene,_complete_cds
3336	2608	 0.218	MN779450.1_MAG:_Torque_teno_midi_virus_isolate_SAfiA-581-79_ORF1_gene,_complete_cds
3337	2520	 0.218	MN779417.1_MAG:_Torque_teno_midi_virus_isolate_SAfiA-253-12_ORF1_gene,_complete_cds
3338	2912	 0.218	MN770848.1_MAG:_TTV-like_mini_virus_isolate_SAfiA-316-20,_complete_genome
3339	2580	 0.217	MN778511.1_MAG:_Torque_teno_midi_virus_isolate_SAfiA-348-18_ORF1_gene,_complete_cds
3340	2870	 0.217	MN770503.1_MAG:_TTV-like_mini_virus_isolate_SAfiA-267-16,_complete_genome
3341	2930	 0.217	MN769720.1_MAG:_TTV-like_mini_virus_isolate_SAfiA-741-0,_complete_genome
3342	2500	 0.217	MN779941.1_MAG:_Torque_teno_midi_virus_isolate_SAfiA-543-73_ORF1_gene,_complete_cds
3343	2802	 0.217	MN768896.1_MAG:_Torque_teno_mini_virus_isolate_SAfiA-245-27,_complete_ORF1
3344	3054	 0.217	MN776246.1_MAG:_Torque_teno_midi_virus_isolate_SAfiA-887-4_ORF1_gene,_complete_cds
3345	3021	 0.217	MN778449.1_MAG:_Torque_teno_midi_virus_isolate_SAfiA-696-2_ORF1_gene,_complete_cds
3346	3015	 0.217	MN777000.1_MAG:_Torque_teno_midi_virus_isolate_SAfiA-804-46_ORF1_gene,_complete_cds
3347	2502	 0.217	MN777854.1_MAG:_Torque_teno_midi_virus_isolate_SAfiA-610-47_ORF1_gene,_complete_cds
3348	2851	 0.217	MN770408.1_MAG:_TTV-like_mini_virus_isolate_SAfiA-789-6,_complete_genome
3349	2846	 0.217	MN770853.1_MAG:_TTV-like_mini_virus_isolate_SAfiA-393-21,_complete_genome
3350	2657	 0.217	MN775519.1_MAG:_Torque_teno_midi_virus_isolate_SAfiA-349-69_ORF1_gene,_complete_cds
3351	2988	 0.216	MN774976.1_MAG:_Torque_teno_midi_virus_isolate_SAfiA-531-1,_complete_genome
3352	2613	 0.216	MN779436.1_MAG:_Torque_teno_midi_virus_isolate_SAfiA-388-254_ORF1_gene,_complete_cds
3353	2521	 0.216	MN778007.1_MAG:_Torque_teno_midi_virus_isolate_SAfiA-366-21_ORF1_gene,_complete_cds
3354	2688	 0.216	MN779306.1_MAG:_Torque_teno_midi_virus_isolate_SAfiA-517-9_ORF1_gene,_complete_cds
3355	2525	 0.216	MN779865.1_MAG:_Torque_teno_midi_virus_isolate_SAfiA-628-106_ORF1_gene,_complete_cds
3356	2481	 0.216	MN775215.1_MAG:_Torque_teno_midi_virus_isolate_SAfiA-268-32_ORF1_gene,_complete_cds
3357	2501	 0.216	MN778036.1_MAG:_Torque_teno_midi_virus_isolate_SAfiA-581-96_ORF1_gene,_complete_cds
3358	2815	 0.216	MN769240.1_MAG:_TTV-like_mini_virus_isolate_SAfiA-35-116,_complete_genome
3359	2969	 0.216	MN769748.1_MAG:_TTV-like_mini_virus_isolate_SAfiA-812-38,_complete_genome
3360	2733	 0.216	MN775143.1_MAG:_Torque_teno_midi_virus_isolate_SAfiA-320-10_ORF1_gene,_complete_cds
3361	3010	 0.216	MN774975.1_MAG:_Torque_teno_midi_virus_isolate_SAfiA-458B-3,_complete_genome
3362	2631	 0.216	MN776796.1_MAG:_Torque_teno_midi_virus_isolate_SAfiA-353-85_ORF1_gene,_complete_cds
3363	2513	 0.216	MN776727.1_MAG:_Torque_teno_midi_virus_isolate_SAfiA-10-35_ORF1_gene,_complete_cds
3364	2993	 0.216	MN774964.1_MAG:_Torque_teno_midi_virus_isolate_SAfiA-496-0,_complete_genome
3365	2525	 0.216	MN776397.1_MAG:_Torque_teno_midi_virus_isolate_SAfiA-234-51_ORF1_gene,_complete_cds
3366	2514	 0.215	MN778499.1_MAG:_Torque_teno_midi_virus_isolate_SAfiA-325-54_ORF1_gene,_complete_cds
3367	2165	 0.215	MN776669.1_MAG:_Torque_teno_midi_virus_isolate_SAfiA-581-107_ORF1_gene,_complete_cds
3368	2846	 0.215	MN770972.1_MAG:_TTV-like_mini_virus_isolate_SAfiA-308-21,_complete_genome
3369	2572	 0.215	MN776274.1_MAG:_Torque_teno_midi_virus_isolate_SAfiA-478-46_ORF1_gene,_complete_cds
3370	2549	 0.215	MN777972.1_MAG:_Torque_teno_midi_virus_isolate_SAfiA-125-26_ORF1_gene,_complete_cds
3371	2883	 0.215	MN769496.1_MAG:_TTV-like_mini_virus_isolate_SAfiA-566-17,_complete_genome
3372	2465	 0.215	MN780167.1_MAG:_Torque_teno_midi_virus_isolate_SAfiA-240-33_ORF1_gene,_complete_cds
3373	2921	 0.215	MN770855.1_MAG:_TTV-like_mini_virus_isolate_SAfiA-498-3,_complete_genome
3374	2490	 0.215	MN778512.1_MAG:_Torque_teno_midi_virus_isolate_SAfiA-350-77_ORF1_gene,_complete_cds
3375	2705	 0.215	MN779647.1_MAG:_Torque_teno_midi_virus_isolate_SAfiA-350-50_ORF1_gene,_complete_cds
3376	2605	 0.215	MN776668.1_MAG:_Torque_teno_midi_virus_isolate_SAfiA-58-10_ORF1_gene,_complete_cds
3377	2508	 0.215	MN777812.1_MAG:_Torque_teno_midi_virus_isolate_SAfiA-442-54_ORF1_gene,_complete_cds
3378	2494	 0.215	MN777542.1_MAG:_Torque_teno_midi_virus_isolate_SAfiA-346-166_ORF1_gene,_complete_cds
3379	2487	 0.215	MN777517.1_MAG:_Torque_teno_midi_virus_isolate_SAfiA-297-162_ORF1_gene,_complete_cds
3380	2764	 0.215	MN776583.1_MAG:_Torque_teno_midi_virus_isolate_SAfiA-478-36_ORF1_gene,_complete_cds
3381	2712	 0.215	MN777983.1_MAG:_Torque_teno_midi_virus_isolate_SAfiA-252-18_ORF1_gene,_complete_cds
3382	2372	 0.214	MN780289.1_MAG:_Torque_teno_midi_virus_isolate_SAfiA-587-346_ORF1_gene,_complete_cds
3383	2577	 0.214	MN777018.1_MAG:_Torque_teno_midi_virus_isolate_SAfiA-380-164_ORF1_gene,_complete_cds
3384	3029	 0.214	MN776513.1_MAG:_Torque_teno_midi_virus_isolate_SAfiA-256-5_ORF1_gene,_complete_cds
3385	2518	 0.214	MN777780.1_MAG:_Torque_teno_midi_virus_isolate_SAfiA-35-156_ORF1_gene,_complete_cds
3386	2897	 0.214	MN769866.1_MAG:_TTV-like_mini_virus_isolate_SAfiA-124-31,_complete_genome
3387	2903	 0.214	MN769725.1_MAG:_TTV-like_mini_virus_isolate_SAfiA-76-3,_complete_genome
3388	2615	 0.214	MN769155.1_MAG:_TTV-like_mini_virus_isolate_SAfiA-277-43,_complete_genome
3389	2660	 0.214	MN777302.1_MAG:_Torque_teno_midi_virus_isolate_SAfiA-644-21_ORF1_gene,_complete_cds
3390	2493	 0.214	MN775703.1_MAG:_Torque_teno_midi_virus_isolate_SAfiA-93-29_ORF1_gene,_complete_cds
3391	2855	 0.214	MN770470.1_MAG:_TTV-like_mini_virus_isolate_SAfiA-224-31,_complete_genome
3392	2979	 0.214	MN776127.1_MAG:_Torque_teno_midi_virus_isolate_SAfiA-470-6_ORF1_gene,_complete_cds
3393	2503	 0.214	MN778041.1_MAG:_Torque_teno_midi_virus_isolate_SAfiA-587-325_ORF1_gene,_complete_cds
3394	2573	 0.214	MN778933.1_MAG:_Torque_teno_midi_virus_isolate_SAfiA-628-160_ORF1_gene,_complete_cds
3395	2730	 0.214	MN778855.1_MAG:_Torque_teno_midi_virus_isolate_SAfiA-74-10_ORF1_gene,_complete_cds
3396	2728	 0.214	MN768650.1_MAG:_Torque_teno_mini_virus_isolate_SAfiA-716-14,_complete_ORF1
3397	2931	 0.214	MN770413.1_MAG:_TTV-like_mini_virus_isolate_SAfiA-854-10,_complete_genome
3398	2682	 0.213	MN769023.1_MAG:_Torque_teno_mini_virus_isolate_SAfiA-310-11,_complete_ORF1
3399	2487	 0.213	MN777482.1_MAG:_Torque_teno_midi_virus_isolate_SAfiA-10-36_ORF1_gene,_complete_cds
3400	3041	 0.213	MN774990.1_MAG:_Torque_teno_midi_virus_isolate_SAfiA-854-9_ORF1_gene,_complete_cds
3401	3004	 0.213	MN775492.1_MAG:_Torque_teno_midi_virus_isolate_SAfiA-682-4_ORF1_gene,_complete_cds
3402	2746	 0.213	MN165100.1_Torque_teno_midi_virus_isolate_Chzj0402_hypothetical_protein_gene,_complete_cds
3403	2640	 0.213	MN777345.1_MAG:_Torque_teno_midi_virus_isolate_SAfiA-123-45_ORF1_gene,_complete_cds
3404	2438	 0.213	MN775585.1_MAG:_Torque_teno_midi_virus_isolate_SAfiA-125-34_ORF1_gene,_complete_cds
3405	2963	 0.213	MN774991.1_MAG:_Torque_teno_midi_virus_isolate_SAfiA-123-25_ORF1_gene,_complete_cds
3406	2633	 0.213	MN775529.1_MAG:_Torque_teno_midi_virus_isolate_SAfiA-442-37_ORF1_gene,_complete_cds
3407	2586	 0.213	MN777413.1_MAG:_Torque_teno_midi_virus_isolate_SAfiA-475-34_ORF1_gene,_complete_cds
3408	2875	 0.213	MN779258.1_MAG:_Torque_teno_midi_virus_isolate_SAfiA-710-6_ORF1_gene,_complete_cds
3409	2573	 0.213	MN776908.1_MAG:_Torque_teno_midi_virus_isolate_SAfiA-587-285_ORF1_gene,_complete_cds
3410	2839	 0.213	MN770084.1_MAG:_TTV-like_mini_virus_isolate_SAfiA-524-1,_complete_genome
3411	2431	 0.213	MN780229.1_MAG:_Torque_teno_midi_virus_isolate_SAfiA-418-46_ORF1_gene,_complete_cds
3412	2577	 0.213	MN776569.1_MAG:_Torque_teno_midi_virus_isolate_SAfiA-710-32_ORF1_gene,_complete_cds
3413	2115	 0.213	MN778305.1_MAG:_Torque_teno_midi_virus_isolate_SAfiA-626-86_ORF1_gene,_complete_cds
3414	2525	 0.212	MN778609.1_MAG:_Torque_teno_midi_virus_isolate_SAfiA-863-21_ORF1_gene,_complete_cds
3415	2653	 0.212	MN776971.1_MAG:_Torque_teno_midi_virus_isolate_SAfiA-315-40_ORF1_gene,_complete_cds
3416	2986	 0.212	MN778956.1_MAG:_Torque_teno_midi_virus_isolate_SAfiA-441-6_ORF1_gene,_complete_cds
3417	2517	 0.212	MN778557.1_MAG:_Torque_teno_midi_virus_isolate_SAfiA-587-320_ORF1_gene,_complete_cds
3418	2548	 0.212	MN779055.1_MAG:_Torque_teno_midi_virus_isolate_SAfiA-234-47_ORF1_gene,_complete_cds
3419	2619	 0.212	MN778736.1_MAG:_Torque_teno_midi_virus_isolate_SAfiA-396-27_ORF1_gene,_complete_cds
3420	2579	 0.212	MN775025.1_MAG:_Torque_teno_midi_virus_isolate_SAfiA-102-160_ORF1_gene,_complete_cds
3421	2929	 0.212	MN770345.1_MAG:_TTV-like_mini_virus_isolate_SAfiA-33-15,_complete_genome
3422	2511	 0.212	MN778171.1_MAG:_Torque_teno_midi_virus_isolate_SAfiA-242-116_ORF1_gene,_complete_cds
3423	2891	 0.212	MN771189.1_MAG:_TTV-like_mini_virus_isolate_SAfiA-823-3,_complete_genome
3424	2859	 0.212	MN769861.1_MAG:_TTV-like_mini_virus_isolate_SAfiA-116-37,_complete_genome
3425	2614	 0.212	MN778762.1_MAG:_Torque_teno_midi_virus_isolate_SAfiA-478-50_ORF1_gene,_complete_cds
3426	2601	 0.212	MN777653.1_MAG:_Torque_teno_midi_virus_isolate_SAfiA-615-991_ORF1_gene,_complete_cds
3427	2532	 0.212	MN775983.1_MAG:_Torque_teno_midi_virus_isolate_SAfiA-313A-70_ORF1_gene,_complete_cds
3428	2502	 0.212	MN775657.1_MAG:_Torque_teno_midi_virus_isolate_SAfiA-49-32_ORF1_gene,_complete_cds
3429	2702	 0.212	MN779020.1_MAG:_Torque_teno_midi_virus_isolate_SAfiA-365-27_ORF1_gene,_complete_cds
3430	2935	 0.212	MN771416.1_MAG:_TTV-like_mini_virus_isolate_SAfiA-35-31,_complete_genome
3431	2546	 0.212	MN779847.1_MAG:_Torque_teno_midi_virus_isolate_SAfiA-509-17_ORF1_gene,_complete_cds
3432	2689	 0.212	MN779078.1_MAG:_Torque_teno_midi_virus_isolate_SAfiA-615-887_ORF1_gene,_complete_cds
3433	2872	 0.212	MN771374.1_MAG:_TTV-like_mini_virus_isolate_SAfiA-615-669,_complete_genome
3434	2886	 0.212	MN768974.1_MAG:_Torque_teno_mini_virus_isolate_SAfiA-301-13,_complete_ORF1
3435	2839	 0.212	MN770943.1_MAG:_TTV-like_mini_virus_isolate_SAfiA-478-26,_complete_genome
3436	2859	 0.212	MN770020.1_MAG:_TTV-like_mini_virus_isolate_SAfiA-833-14,_complete_genome
3437	2554	 0.211	MN777364.1_MAG:_Torque_teno_midi_virus_isolate_SAfiA-306A-72_ORF1_gene,_complete_cds
3438	2507	 0.211	MN776156.1_MAG:_Torque_teno_midi_virus_isolate_SAfiA-247-60_ORF1_gene,_complete_cds
3439	2519	 0.211	MN778273.1_MAG:_Torque_teno_midi_virus_isolate_SAfiA-589-45_ORF1_gene,_complete_cds
3440	2615	 0.211	MN780063.1_MAG:_Torque_teno_midi_virus_isolate_SAfiA-797-44_ORF1_gene,_complete_cds
3441	2906	 0.211	MN769052.1_MAG:_TTV-like_mini_virus_isolate_SAfiA-116-25,_complete_genome
3442	2901	 0.211	MN771412.1_MAG:_TTV-like_mini_virus_isolate_SAfiA-346-23,_complete_genome
3443	2824	 0.211	MN769608.1_MAG:_TTV-like_mini_virus_isolate_SAfiA-611-162,_complete_genome
3444	2709	 0.211	MN775064.1_MAG:_Torque_teno_midi_virus_isolate_SAfiA-360-29_ORF1_gene,_complete_cds
3445	2479	 0.211	MN775239.1_MAG:_Torque_teno_midi_virus_isolate_SAfiA-380-210_ORF1_gene,_complete_cds
3446	2782	 0.211	MN770073.1_MAG:_TTV-like_mini_virus_isolate_SAfiA-401-27,_complete_genome
3447	2875	 0.211	MN769901.1_MAG:_TTV-like_mini_virus_isolate_SAfiA-335-4,_complete_genome
3448	2613	 0.211	MN780292.1_MAG:_Torque_teno_midi_virus_isolate_SAfiA-593-43_ORF1_gene,_complete_cds
3449	2374	 0.211	MN779547.1_MAG:_Torque_teno_midi_virus_isolate_SAfiA-377-16_ORF1_gene,_complete_cds
3450	2819	 0.211	MN770274.1_MAG:_TTV-like_mini_virus_isolate_SAfiA-834-12,_complete_genome
3451	2626	 0.210	MN776028.1_MAG:_Torque_teno_midi_virus_isolate_SAfiA-616-41_ORF1_gene,_complete_cds
3452	2651	 0.210	MN777088.1_MAG:_Torque_teno_midi_virus_isolate_SAfiA-61-28_ORF1_gene,_complete_cds
3453	2802	 0.210	MN779321.1_MAG:_Torque_teno_midi_virus_isolate_SAfiA-638-7_ORF1_gene,_complete_cds
3454	2873	 0.210	MN769361.1_MAG:_TTV-like_mini_virus_isolate_SAfiA-412-6,_complete_genome
3455	2598	 0.210	MN779127.1_MAG:_Torque_teno_midi_virus_isolate_SAfiA-254-88_ORF1_gene,_complete_cds
3456	2622	 0.210	MN778105.1_MAG:_Torque_teno_midi_virus_isolate_SAfiA-500-78_ORF1_gene,_complete_cds
3457	2804	 0.210	MN768999.1_MAG:_Torque_teno_mini_virus_isolate_SAfiA-306B-36,_complete_ORF1
3458	2644	 0.210	MN778824.1_MAG:_Torque_teno_midi_virus_isolate_SAfiA-628-66_ORF1_gene,_complete_cds
3459	2534	 0.210	MN779187.1_MAG:_Torque_teno_midi_virus_isolate_SAfiA-554-15_ORF1_gene,_complete_cds
3460	2604	 0.210	MN776055.1_MAG:_Torque_teno_midi_virus_isolate_SAfiA-123-50_ORF1_gene,_complete_cds
3461	2838	 0.210	MN770947.1_MAG:_TTV-like_mini_virus_isolate_SAfiA-512-8,_complete_genome
3462	2925	 0.210	MN769206.1_MAG:_TTV-like_mini_virus_isolate_SAfiA-332-5,_complete_genome
3463	2242	 0.210	MN777728.1_MAG:_Torque_teno_midi_virus_isolate_SAfiA-119-36_ORF1_gene,_complete_cds
3464	2539	 0.210	MN776966.1_MAG:_Torque_teno_midi_virus_isolate_SAfiA-112-16_ORF1_gene,_complete_cds
3465	2471	 0.210	MN778125.1_MAG:_Torque_teno_midi_virus_isolate_SAfiA-491-28_ORF1_gene,_complete_cds
3466	2780	 0.210	MN779775.1_MAG:_Torque_teno_midi_virus_isolate_SAfiA-741-2_ORF1_gene,_complete_cds
3467	2715	 0.210	MN778888.1_MAG:_Torque_teno_midi_virus_isolate_SAfiA-898-5_ORF1_gene,_complete_cds
3468	3041	 0.210	MN776232.1_MAG:_Torque_teno_midi_virus_isolate_SAfiA-648-1_ORF1_gene,_complete_cds
3469	2527	 0.210	MN780195.1_MAG:_Torque_teno_midi_virus_isolate_SAfiA-334-71_ORF1_gene,_complete_cds
3470	2565	 0.210	MN779962.1_MAG:_Torque_teno_midi_virus_isolate_SAfiA-858-141_ORF1_gene,_complete_cds
3471	2509	 0.210	MN776851.1_MAG:_Torque_teno_midi_virus_isolate_SAfiA-5A-47_ORF1_gene,_complete_cds
3472	2534	 0.209	MN779172.1_MAG:_Torque_teno_midi_virus_isolate_SAfiA-442-50_ORF1_gene,_complete_cds
3473	2955	 0.209	MN769711.1_MAG:_TTV-like_mini_virus_isolate_SAfiA-71-8,_complete_genome
3474	2787	 0.209	MN768913.1_MAG:_Torque_teno_mini_virus_isolate_SAfiA-254-39,_complete_ORF1
3475	2859	 0.209	MN769941.1_MAG:_TTV-like_mini_virus_isolate_SAfiA-414-23,_complete_genome
3476	2555	 0.209	MN775364.1_MAG:_Torque_teno_midi_virus_isolate_SAfiA-242-95_ORF1_gene,_complete_cds
3477	2816	 0.209	MN771186.1_MAG:_TTV-like_mini_virus_isolate_SAfiA-797-31,_complete_genome
3478	2701	 0.209	MN778707.1_MAG:_Torque_teno_midi_virus_isolate_SAfiA-353-47_ORF1_gene,_complete_cds
3479	2641	 0.209	MN777931.1_MAG:_Torque_teno_midi_virus_isolate_SAfiA-39-20_ORF1_gene,_complete_cds
3480	2894	 0.209	MN769664.1_MAG:_TTV-like_mini_virus_isolate_SAfiA-658-9,_complete_genome
3481	2933	 0.209	MN780379.1_MAG:_Torque_teno_midi_virus_isolate_SAfiA-472-1_ORF1_gene,_complete_cds
3482	2629	 0.209	MN775779.1_MAG:_Torque_teno_midi_virus_isolate_SAfiA-442-38_ORF1_gene,_complete_cds
3483	2839	 0.208	MN770048.1_MAG:_TTV-like_mini_virus_isolate_SAfiA-301-12,_complete_genome
3484	2871	 0.208	MZ286032.1_Anelloviridae_sp._isolate_SP16_C14,_complete_genome
3485	2390	 0.208	MN778543.1_MAG:_Torque_teno_midi_virus_isolate_SAfiA-511-30_ORF1_gene,_complete_cds
3486	2890	 0.208	MN769200.1_MAG:_TTV-like_mini_virus_isolate_SAfiA-330-10,_complete_genome
3487	2611	 0.208	MN777022.1_MAG:_Torque_teno_midi_virus_isolate_SAfiA-388-255_ORF1_gene,_complete_cds
3488	2495	 0.208	MN776656.1_MAG:_Torque_teno_midi_virus_isolate_SAfiA-51-49_ORF1_gene,_complete_cds
3489	2630	 0.208	MN780216.1_MAG:_Torque_teno_midi_virus_isolate_SAfiA-380-135_ORF1_gene,_complete_cds
3490	2619	 0.208	MN775784.1_MAG:_Torque_teno_midi_virus_isolate_SAfiA-858-129_ORF1_gene,_complete_cds
3491	2906	 0.207	MN769760.1_MAG:_TTV-like_mini_virus_isolate_SAfiA-836-440,_complete_genome
3492	2697	 0.207	MN768864.1_MAG:_Torque_teno_mini_virus_isolate_SAfiA-235-61,_complete_ORF1
3493	7150	 0.207	LC699417.1_Rhinovirus_A81_Fukushima_H555_2019_genomic_RNA,_complete_genome
3494	2601	 0.207	MN776963.1_MAG:_Torque_teno_midi_virus_isolate_SAfiA-785-113_ORF1_gene,_complete_cds
3495	3030	 0.207	MN778355.1_MAG:_Torque_teno_midi_virus_isolate_SAfiA-119-12_ORF1_gene,_complete_cds
3496	2741	 0.207	MN777597.1_MAG:_Torque_teno_midi_virus_isolate_SAfiA-502-21_ORF1_gene,_complete_cds
3497	2614	 0.207	MN775723.1_MAG:_Torque_teno_midi_virus_isolate_SAfiA-625-35_ORF1_gene,_complete_cds
3498	2722	 0.207	MN776956.1_MAG:_Torque_teno_midi_virus_isolate_SAfiA-554-9_ORF1_gene,_complete_cds
3499	2637	 0.207	MN779471.1_MAG:_Torque_teno_midi_virus_isolate_SAfiA-93-20_ORF1_gene,_complete_cds
3500	3069	 0.207	MN775521.1_MAG:_Torque_teno_midi_virus_isolate_SAfiA-373-11_ORF1_gene,_complete_cds
3501	2497	 0.207	MN776768.1_MAG:_Torque_teno_midi_virus_isolate_SAfiA-118-24_ORF1_gene,_complete_cds
3502	2511	 0.206	MN780344.1_MAG:_Torque_teno_midi_virus_isolate_SAfiA-880-13_ORF1_gene,_complete_cds
3503	2889	 0.206	MN770024.1_MAG:_TTV-like_mini_virus_isolate_SAfiA-857-191,_complete_genome
3504	2509	 0.206	MN779578.1_MAG:_Torque_teno_midi_virus_isolate_SAfiA-870-20_ORF1_gene,_complete_cds
3505	2896	 0.206	MN771070.1_MAG:_TTV-like_mini_virus_isolate_SAfiA-581-18,_complete_genome
3506	2493	 0.206	MN779530.1_MAG:_Torque_teno_midi_virus_isolate_SAfiA-242-125_ORF1_gene,_complete_cds
3507	2871	 0.206	MN771146.1_MAG:_TTV-like_mini_virus_isolate_SAfiA-590-50,_complete_genome
3508	2594	 0.206	MN777950.1_MAG:_Torque_teno_midi_virus_isolate_SAfiA-594-114_ORF1_gene,_complete_cds
3509	2854	 0.206	MN768575.1_MAG:_Torque_teno_mini_virus_isolate_SAfiA-656-5,_complete_ORF1
3510	2833	 0.206	MN769970.1_MAG:_TTV-like_mini_virus_isolate_SAfiA-587-91,_complete_genome
3511	2579	 0.205	MN776861.1_MAG:_Torque_teno_midi_virus_isolate_SAfiA-628-88_ORF1_gene,_complete_cds
3512	2606	 0.205	MN775481.1_MAG:_Torque_teno_midi_virus_isolate_SAfiA-590-158_ORF1_gene,_complete_cds
3513	2919	 0.205	MN769473.1_MAG:_TTV-like_mini_virus_isolate_SAfiA-542-15,_complete_genome
3514	2620	 0.205	MN779821.1_MAG:_Torque_teno_midi_virus_isolate_SAfiA-342-31_ORF1_gene,_complete_cds
3515	2826	 0.205	MN769360.1_MAG:_TTV-like_mini_virus_isolate_SAfiA-410-6,_complete_genome
3516	2592	 0.205	MN777362.1_MAG:_Torque_teno_midi_virus_isolate_SAfiA-274-52_ORF1_gene,_complete_cds
3517	2891	 0.205	MN769385.1_MAG:_TTV-like_mini_virus_isolate_SAfiA-440-9,_complete_genome
3518	2833	 0.205	MN771378.1_MAG:_TTV-like_mini_virus_isolate_SAfiA-654-6,_complete_genome
3519	2830	 0.205	MN769081.1_MAG:_TTV-like_mini_virus_isolate_SAfiA-132-7,_complete_genome
3520	2484	 0.205	MN775102.1_MAG:_Torque_teno_midi_virus_isolate_SAfiA-361-83_ORF1_gene,_complete_cds
3521	2486	 0.204	MN778594.1_MAG:_Torque_teno_midi_virus_isolate_SAfiA-665-11_ORF1_gene,_complete_cds
3522	2557	 0.204	MN779344.1_MAG:_Torque_teno_midi_virus_isolate_SAfiA-130-33_ORF1_gene,_complete_cds
3523	2894	 0.204	MN769345.1_MAG:_TTV-like_mini_virus_isolate_SAfiA-398-20,_complete_genome
3524	2331	 0.204	MN777047.1_MAG:_Torque_teno_midi_virus_isolate_SAfiA-485-76_ORF1_gene,_complete_cds
3525	2530	 0.204	MN775305.1_MAG:_Torque_teno_midi_virus_isolate_SAfiA-858-148_ORF1_gene,_complete_cds
3526	2749	 0.204	MN777230.1_MAG:_Torque_teno_midi_virus_isolate_SAfiA-817-7_ORF1_gene,_complete_cds
3527	3010	 0.204	MN774946.1_MAG:_Torque_teno_midi_virus_isolate_SAfiA-782-16,_complete_genome
3528	2687	 0.204	MN779957.1_MAG:_Torque_teno_midi_virus_isolate_SAfiA-739-6_ORF1_gene,_complete_cds
3529	2495	 0.204	MN778192.1_MAG:_Torque_teno_midi_virus_isolate_SAfiA-341-34_ORF1_gene,_complete_cds
3530	2505	 0.204	MN778415.1_MAG:_Torque_teno_midi_virus_isolate_SAfiA-50-27_ORF1_gene,_complete_cds
3531	2925	 0.204	MN771345.1_MAG:_TTV-like_mini_virus_isolate_SAfiA-11-25,_complete_genome
3532	2646	 0.204	MN777900.1_MAG:_Torque_teno_midi_virus_isolate_SAfiA-242-59_ORF1_gene,_complete_cds
3533	2989	 0.204	MN774996.1_MAG:_Torque_teno_midi_virus_isolate_SAfiA-657-29_ORF1_gene,_complete_cds
3534	2894	 0.204	MN769458.1_MAG:_TTV-like_mini_virus_isolate_SAfiA-520-13,_complete_genome
3535	2819	 0.204	MN769479.1_MAG:_TTV-like_mini_virus_isolate_SAfiA-543-21,_complete_genome
3536	2238	 0.203	MN777841.1_MAG:_Torque_teno_midi_virus_isolate_SAfiA-58-19_ORF1_gene,_complete_cds
3537	2883	 0.203	MN769467.1_MAG:_TTV-like_mini_virus_isolate_SAfiA-532-10,_complete_genome
3538	2769	 0.203	MN775166.1_MAG:_Torque_teno_midi_virus_isolate_SAfiA-569-44_ORF1_gene,_complete_cds
3539	2431	 0.203	MN777978.1_MAG:_Torque_teno_midi_virus_isolate_SAfiA-241-63_ORF1_gene,_complete_cds
3540	2706	 0.203	MN776528.1_MAG:_Torque_teno_midi_virus_isolate_SAfiA-362-25_ORF1_gene,_complete_cds
3541	2465	 0.203	MN777280.1_MAG:_Torque_teno_midi_virus_isolate_SAfiA-859-40_ORF1_gene,_complete_cds
3542	2511	 0.203	MN777958.1_MAG:_Torque_teno_midi_virus_isolate_SAfiA-111-14_ORF1_gene,_complete_cds
3543	3094	 0.203	MN776386.1_MAG:_Torque_teno_midi_virus_isolate_SAfiA-761-7_ORF1_gene,_complete_cds
3544	2601	 0.203	MN775248.1_MAG:_Torque_teno_midi_virus_isolate_SAfiA-450-25_ORF1_gene,_complete_cds
3545	2934	 0.203	MN769818.1_MAG:_TTV-like_mini_virus_isolate_SAfiA-8A-24,_complete_genome
3546	2666	 0.203	MN778823.1_MAG:_Torque_teno_midi_virus_isolate_SAfiA-628-63_ORF1_gene,_complete_cds
3547	2737	 0.203	MN780298.1_MAG:_Torque_teno_midi_virus_isolate_SAfiA-609-23_ORF1_gene,_complete_cds
3548	2714	 0.203	MN775731.1_MAG:_Torque_teno_midi_virus_isolate_SAfiA-771-19_ORF1_gene,_complete_cds
3549	2533	 0.203	MN779952.1_MAG:_Torque_teno_midi_virus_isolate_SAfiA-640-60_ORF1_gene,_complete_cds
3550	2846	 0.203	MN769365.1_MAG:_TTV-like_mini_virus_isolate_SAfiA-4-18,_complete_genome
3551	2887	 0.203	MN769367.1_MAG:_TTV-like_mini_virus_isolate_SAfiA-418-13,_complete_genome
3552	2499	 0.203	MN776930.1_MAG:_Torque_teno_midi_virus_isolate_SAfiA-124-81_ORF1_gene,_complete_cds
3553	2559	 0.203	MN780198.1_MAG:_Torque_teno_midi_virus_isolate_SAfiA-346-123_ORF1_gene,_complete_cds
3554	2653	 0.203	MN775469.1_MAG:_Torque_teno_midi_virus_isolate_SAfiA-382-12_ORF1_gene,_complete_cds
3555	2662	 0.203	MN777085.1_MAG:_Torque_teno_midi_virus_isolate_SAfiA-604-27_ORF1_gene,_complete_cds
3556	2533	 0.202	MN775195.1_MAG:_Torque_teno_midi_virus_isolate_SAfiA-107-56_ORF1_gene,_complete_cds
3557	2566	 0.202	MN778793.1_MAG:_Torque_teno_midi_virus_isolate_SAfiA-577-244_ORF1_gene,_complete_cds
3558	2525	 0.202	MN775428.1_MAG:_Torque_teno_midi_virus_isolate_SAfiA-392-35_ORF1_gene,_complete_cds
3559	2702	 0.202	MN775130.1_MAG:_Torque_teno_midi_virus_isolate_SAfiA-242-48_ORF1_gene,_complete_cds
3560	2948	 0.202	MN769127.1_MAG:_TTV-like_mini_virus_isolate_SAfiA-248-4,_complete_genome
3561	2511	 0.202	MN777356.1_MAG:_Torque_teno_midi_virus_isolate_SAfiA-254-120_ORF1_gene,_complete_cds
3562	2622	 0.202	MN778446.1_MAG:_Torque_teno_midi_virus_isolate_SAfiA-651-49_ORF1_gene,_complete_cds
3563	2837	 0.202	MN769034.1_MAG:_TTV-like_mini_virus_isolate_SAfiA-103A-3,_complete_genome
3564	2621	 0.202	MN776476.1_MAG:_Torque_teno_midi_virus_isolate_SAfiA-628-54_ORF1_gene,_complete_cds
3565	2592	 0.202	MN768592.1_MAG:_Torque_teno_mini_virus_isolate_SAfiA-667-31,_complete_ORF1
3566	2648	 0.202	MN775933.1_MAG:_Torque_teno_midi_virus_isolate_SAfiA-569-77_ORF1_gene,_complete_cds
3567	2879	 0.202	MN768969.1_MAG:_Torque_teno_mini_virus_isolate_SAfiA-299A-14,_complete_ORF1
3568	2646	 0.202	MN768608.1_MAG:_Torque_teno_mini_virus_isolate_SAfiA-679-23,_complete_ORF1
3569	2850	 0.202	MN770677.1_MAG:_TTV-like_mini_virus_isolate_SAfiA-57-39,_complete_genome
3570	2524	 0.202	MN778186.1_MAG:_Torque_teno_midi_virus_isolate_SAfiA-319-76_ORF1_gene,_complete_cds
3571	2876	 0.202	MN770017.1_MAG:_TTV-like_mini_virus_isolate_SAfiA-813-453,_complete_genome
3572	2776	 0.202	MN779309.1_MAG:_Torque_teno_midi_virus_isolate_SAfiA-569-62_ORF1_gene,_complete_cds
3573	2458	 0.202	MN778715.1_MAG:_Torque_teno_midi_virus_isolate_SAfiA-365-62_ORF1_gene,_complete_cds
3574	2926	 0.202	MN771269.1_MAG:_TTV-like_mini_virus_isolate_SAfiA-587-33,_complete_genome
3575	2852	 0.201	MN769239.1_MAG:_TTV-like_mini_virus_isolate_SAfiA-350-28,_complete_genome
3576	2650	 0.201	MN778296.1_MAG:_Torque_teno_midi_virus_isolate_SAfiA-625-28_ORF1_gene,_complete_cds
3577	2627	 0.201	MN778582.1_MAG:_Torque_teno_midi_virus_isolate_SAfiA-642-59_ORF1_gene,_complete_cds
3578	2532	 0.201	MN777897.1_MAG:_Torque_teno_midi_virus_isolate_SAfiA-224-55_ORF1_gene,_complete_cds
3579	2865	 0.201	MN771247.1_MAG:_TTV-like_mini_virus_isolate_SAfiA-388-99,_complete_genome
3580	2465	 0.201	MN778509.1_MAG:_Torque_teno_midi_virus_isolate_SAfiA-346-186_ORF1_gene,_complete_cds
3581	2532	 0.201	MN777310.1_MAG:_Torque_teno_midi_virus_isolate_SAfiA-33-57_ORF1_gene,_complete_cds
3582	2890	 0.201	MN769682.1_MAG:_TTV-like_mini_virus_isolate_SAfiA-679-10,_complete_genome
3583	2656	 0.201	MN778703.1_MAG:_Torque_teno_midi_virus_isolate_SAfiA-346-78_ORF1_gene,_complete_cds
3584	2693	 0.201	MN768853.1_MAG:_Torque_teno_mini_virus_isolate_SAfiA-233-27,_complete_ORF1
3585	2573	 0.201	MN777824.1_MAG:_Torque_teno_midi_virus_isolate_SAfiA-500-90_ORF1_gene,_complete_cds
3586	3009	 0.201	MN778878.1_MAG:_Torque_teno_midi_virus_isolate_SAfiA-862-8_ORF1_gene,_complete_cds
3587	2502	 0.201	MN777502.1_MAG:_Torque_teno_midi_virus_isolate_SAfiA-242-118_ORF1_gene,_complete_cds
3588	2625	 0.201	MN777607.1_MAG:_Torque_teno_midi_virus_isolate_SAfiA-541-30_ORF1_gene,_complete_cds
3589	2488	 0.200	MN777828.1_MAG:_Torque_teno_midi_virus_isolate_SAfiA-51-50_ORF1_gene,_complete_cds
3590	2453	 0.200	MN779810.1_MAG:_Torque_teno_midi_virus_isolate_SAfiA-242-130_ORF1_gene,_complete_cds
3591	2869	 0.200	MN771199.1_MAG:_TTV-like_mini_virus_isolate_SAfiA-87-28,_complete_genome
3592	2735	 0.200	MN775576.1_MAG:_Torque_teno_midi_virus_isolate_SAfiA-870-13_ORF1_gene,_complete_cds
3593	2852	 0.200	MN769160.1_MAG:_TTV-like_mini_virus_isolate_SAfiA-301-11,_complete_genome
3594	2613	 0.200	MN775650.1_MAG:_Torque_teno_midi_virus_isolate_SAfiA-442-42_ORF1_gene,_complete_cds
3595	2562	 0.200	MN779146.1_MAG:_Torque_teno_midi_virus_isolate_SAfiA-346-119_ORF1_gene,_complete_cds
3596	2836	 0.200	MN769007.1_MAG:_Torque_teno_mini_virus_isolate_SAfiA-308-25,_complete_ORF1
3597	2467	 0.200	MN775541.1_MAG:_Torque_teno_midi_virus_isolate_SAfiA-569-114_ORF1_gene,_complete_cds
3598	2546	 0.200	MN775363.1_MAG:_Torque_teno_midi_virus_isolate_SAfiA-242-102_ORF1_gene,_complete_cds
3599	2629	 0.200	MN777094.1_MAG:_Torque_teno_midi_virus_isolate_SAfiA-624-26_ORF1_gene,_complete_cds
3600	2739	 0.200	MN775862.1_MAG:_Torque_teno_midi_virus_isolate_SAfiA-563-17_ORF1_gene,_complete_cds
3601	2915	 0.200	MN769635.1_MAG:_TTV-like_mini_virus_isolate_SAfiA-630A-23,_complete_genome
3602	2554	 0.200	MN777007.1_MAG:_Torque_teno_midi_virus_isolate_SAfiA-35-142_ORF1_gene,_complete_cds
3603	2516	 0.200	MN778034.1_MAG:_Torque_teno_midi_virus_isolate_SAfiA-569-105_ORF1_gene,_complete_cds
3604	2948	 0.200	MN769046.1_MAG:_TTV-like_mini_virus_isolate_SAfiA-108-15,_complete_genome
3605	7506	 0.200	MH118090.1_Coxsackievirus_A10_strain_09-1677-1,_complete_genome
3606	2541	 0.199	MN777305.1_MAG:_Torque_teno_midi_virus_isolate_SAfiA-868-47_ORF1_gene,_complete_cds
3607	2543	 0.199	MN779512.1_MAG:_Torque_teno_midi_virus_isolate_SAfiA-590-180_ORF1_gene,_complete_cds
3608	2978	 0.199	MN770045.1_MAG:_TTV-like_mini_virus_isolate_SAfiA-275-24,_complete_genome
3609	2516	 0.199	MN776064.1_MAG:_Torque_teno_midi_virus_isolate_SAfiA-315-62_ORF1_gene,_complete_cds
3610	2507	 0.199	MN775092.1_MAG:_Torque_teno_midi_virus_isolate_SAfiA-123-67_ORF1_gene,_complete_cds
3611	3109	 0.199	MN775001.1_MAG:_Torque_teno_midi_virus_isolate_SAfiA-239-4_ORF1_gene,_complete_cds
3612	2843	 0.199	MN771486.1_MAG:_TTV-like_mini_virus_isolate_SAfiA-651-32,_complete_genome
3613	2916	 0.199	MN770688.1_MAG:_TTV-like_mini_virus_isolate_SAfiA-581-14,_complete_genome
3614	2749	 0.199	MN775495.1_MAG:_Torque_teno_midi_virus_isolate_SAfiA-87-56_ORF1_gene,_complete_cds
3615	2725	 0.199	MN768993.1_MAG:_Torque_teno_mini_virus_isolate_SAfiA-306A-50,_complete_ORF1
3616	2683	 0.199	MN775029.1_MAG:_Torque_teno_midi_virus_isolate_SAfiA-233-28_ORF1_gene,_complete_cds
3617	2566	 0.199	MN775733.1_MAG:_Torque_teno_midi_virus_isolate_SAfiA-874-78_ORF1_gene,_complete_cds
3618	2641	 0.199	MN778953.1_MAG:_Torque_teno_midi_virus_isolate_SAfiA-409-5_ORF1_gene,_complete_cds
3619	2587	 0.199	MN777258.1_MAG:_Torque_teno_midi_virus_isolate_SAfiA-581-80_ORF1_gene,_complete_cds
3620	2635	 0.198	MN777791.1_MAG:_Torque_teno_midi_virus_isolate_SAfiA-369-51_ORF1_gene,_complete_cds
3621	2987	 0.198	MN769780.1_MAG:_TTV-like_mini_virus_isolate_SAfiA-867-290,_complete_genome
3622	2639	 0.198	MN775711.1_MAG:_Torque_teno_midi_virus_isolate_SAfiA-265-33_ORF1_gene,_complete_cds
3623	2656	 0.198	MN779950.1_MAG:_Torque_teno_midi_virus_isolate_SAfiA-611-225_ORF1_gene,_complete_cds
3624	2581	 0.198	MN777807.1_MAG:_Torque_teno_midi_virus_isolate_SAfiA-414-53_ORF1_gene,_complete_cds
3625	2574	 0.198	MN778073.1_MAG:_Torque_teno_midi_virus_isolate_SAfiA-794-5_ORF1_gene,_complete_cds
3626	2862	 0.198	MN770308.1_MAG:_TTV-like_mini_virus_isolate_SAfiA-401-22,_complete_genome
3627	2540	 0.198	MN776161.1_MAG:_Torque_teno_midi_virus_isolate_SAfiA-266-25_ORF1_gene,_complete_cds
3628	2570	 0.198	MN776147.1_MAG:_Torque_teno_midi_virus_isolate_SAfiA-116-63_ORF1_gene,_complete_cds
3629	2719	 0.198	MN778534.1_MAG:_Torque_teno_midi_virus_isolate_SAfiA-429-18_ORF1_gene,_complete_cds
3630	2920	 0.197	MN770323.1_MAG:_TTV-like_mini_virus_isolate_SAfiA-581-11,_complete_genome
3631	2883	 0.197	MN769584.1_MAG:_TTV-like_mini_virus_isolate_SAfiA-593-14,_complete_genome
3632	2848	 0.197	MN768793.1_MAG:_Torque_teno_mini_virus_isolate_SAfiA-818-21,_complete_ORF1
3633	2556	 0.197	MN777169.1_MAG:_Torque_teno_midi_virus_isolate_SAfiA-611-279_ORF1_gene,_complete_cds
3634	2811	 0.197	MN770118.1_MAG:_TTV-like_mini_virus_isolate_SAfiA-81-28,_complete_genome
3635	2897	 0.197	MN769879.1_MAG:_TTV-like_mini_virus_isolate_SAfiA-252-12,_complete_genome
3636	2415	 0.197	MN777420.1_MAG:_Torque_teno_midi_virus_isolate_SAfiA-491-30_ORF1_gene,_complete_cds
3637	2498	 0.197	MN775689.1_MAG:_Torque_teno_midi_virus_isolate_SAfiA-676-54_ORF1_gene,_complete_cds
3638	2595	 0.197	MN780130.1_MAG:_Torque_teno_midi_virus_isolate_SAfiA-543-66_ORF1_gene,_complete_cds
3639	3009	 0.197	MN774982.1_MAG:_Torque_teno_midi_virus_isolate_SAfiA-618-7,_complete_genome
3640	2902	 0.197	MN770402.1_MAG:_TTV-like_mini_virus_isolate_SAfiA-777-15,_complete_genome
3641	2250	 0.197	MN777068.1_MAG:_Torque_teno_midi_virus_isolate_SAfiA-569-121_ORF1_gene,_complete_cds
3642	2615	 0.197	MN777879.1_MAG:_Torque_teno_midi_virus_isolate_SAfiA-735-3_ORF1_gene,_complete_cds
3643	2557	 0.197	MN776936.1_MAG:_Torque_teno_midi_virus_isolate_SAfiA-234-43_ORF1_gene,_complete_cds
3644	2743	 0.197	MN778029.1_MAG:_Torque_teno_midi_virus_isolate_SAfiA-541-21_ORF1_gene,_complete_cds
3645	2941	 0.197	MN769124.1_MAG:_TTV-like_mini_virus_isolate_SAfiA-245-6,_complete_genome
3646	2507	 0.197	MN777215.1_MAG:_Torque_teno_midi_virus_isolate_SAfiA-590-194_ORF1_gene,_complete_cds
3647	2939	 0.197	MN770333.1_MAG:_TTV-like_mini_virus_isolate_SAfiA-842-3,_complete_genome
3648	2691	 0.197	MN777823.1_MAG:_Torque_teno_midi_virus_isolate_SAfiA-500-59_ORF1_gene,_complete_cds
3649	2914	 0.197	MN770755.1_MAG:_TTV-like_mini_virus_isolate_SAfiA-71-15,_complete_genome
3650	2890	 0.197	MN769396.1_MAG:_TTV-like_mini_virus_isolate_SAfiA-454-7,_complete_genome
3651	2527	 0.196	MN777092.1_MAG:_Torque_teno_midi_virus_isolate_SAfiA-616-52_ORF1_gene,_complete_cds
3652	2708	 0.196	MN779214.1_MAG:_Torque_teno_midi_virus_isolate_SAfiA-644-16_ORF1_gene,_complete_cds
3653	2467	 0.196	MN779569.1_MAG:_Torque_teno_midi_virus_isolate_SAfiA-616-55_ORF1_gene,_complete_cds
3654	2491	 0.196	MN779878.1_MAG:_Torque_teno_midi_virus_isolate_SAfiA-883-12_ORF1_gene,_complete_cds
3655	2948	 0.196	MN769821.1_MAG:_TTV-like_mini_virus_isolate_SAfiA-94-12,_complete_genome
3656	2901	 0.196	MN776986.1_MAG:_Torque_teno_midi_virus_isolate_SAfiA-589-34_ORF1_gene,_complete_cds
3657	2554	 0.196	MN776580.1_MAG:_Torque_teno_midi_virus_isolate_SAfiA-242-96_ORF1_gene,_complete_cds
3658	2781	 0.196	MN768986.1_MAG:_Torque_teno_mini_virus_isolate_SAfiA-306A-40,_complete_ORF1
3659	2451	 0.196	MN776090.1_MAG:_Torque_teno_midi_virus_isolate_SAfiA-628-125_ORF1_gene,_complete_cds
3660	2612	 0.196	MN778341.1_MAG:_Torque_teno_midi_virus_isolate_SAfiA-319-45_ORF1_gene,_complete_cds
3661	2848	 0.196	MN769594.1_MAG:_TTV-like_mini_virus_isolate_SAfiA-603-23,_complete_genome
3662	2635	 0.195	MN779659.1_MAG:_Torque_teno_midi_virus_isolate_SAfiA-367-54_ORF1_gene,_complete_cds
3663	2873	 0.195	MN770973.1_MAG:_TTV-like_mini_virus_isolate_SAfiA-309-19,_complete_genome
3664	2372	 0.195	MN780135.1_MAG:_Torque_teno_midi_virus_isolate_SAfiA-590-210_ORF1_gene,_complete_cds
3665	2913	 0.195	MN769409.1_MAG:_TTV-like_mini_virus_isolate_SAfiA-476-6,_complete_genome
3666	2633	 0.195	MN779829.1_MAG:_Torque_teno_midi_virus_isolate_SAfiA-369-52_ORF1_gene,_complete_cds
3667	2901	 0.195	MN769449.1_MAG:_TTV-like_mini_virus_isolate_SAfiA-51-17,_complete_genome
3668	2578	 0.195	MN775938.1_MAG:_Torque_teno_midi_virus_isolate_SAfiA-587-278_ORF1_gene,_complete_cds
3669	2608	 0.195	MN777419.1_MAG:_Torque_teno_midi_virus_isolate_SAfiA-485-46_ORF1_gene,_complete_cds
3670	2880	 0.195	MN770835.1_MAG:_TTV-like_mini_virus_isolate_SAfiA-858-90,_complete_genome
3671	2638	 0.195	MN775922.1_MAG:_Torque_teno_midi_virus_isolate_SAfiA-380-131_ORF1_gene,_complete_cds
3672	2539	 0.195	MN778628.1_MAG:_Torque_teno_midi_virus_isolate_SAfiA-107-55_ORF1_gene,_complete_cds
3673	2929	 0.195	MN769369.1_MAG:_TTV-like_mini_virus_isolate_SAfiA-418-8,_complete_genome
3674	2535	 0.195	MN768733.1_MAG:_Torque_teno_mini_virus_isolate_SAfiA-859-38,_complete_ORF1
3675	2410	 0.195	MN778152.1_MAG:_Torque_teno_midi_virus_isolate_SAfiA-10-41_ORF1_gene,_complete_cds
3676	2890	 0.194	MN769074.1_MAG:_TTV-like_mini_virus_isolate_SAfiA-127-14,_complete_genome
3677	2825	 0.194	MN770842.1_MAG:_TTV-like_mini_virus_isolate_SAfiA-500-40,_complete_genome
3678	2634	 0.194	MN778497.1_MAG:_Torque_teno_midi_virus_isolate_SAfiA-316-48_ORF1_gene,_complete_cds
3679	2906	 0.194	MN770844.1_MAG:_TTV-like_mini_virus_isolate_SAfiA-647-6,_complete_genome
3680	2646	 0.194	MN776291.1_MAG:_Torque_teno_midi_virus_isolate_SAfiA-610-35_ORF1_gene,_complete_cds
3681	2942	 0.194	MN769041.1_MAG:_TTV-like_mini_virus_isolate_SAfiA-104-7,_complete_genome
3682	2534	 0.194	MN775634.1_MAG:_Torque_teno_midi_virus_isolate_SAfiA-287B-18_ORF1_gene,_complete_cds
3683	2588	 0.194	MN778251.1_MAG:_Torque_teno_midi_virus_isolate_SAfiA-528-22_ORF1_gene,_complete_cds
3684	2845	 0.194	MN770501.1_MAG:_TTV-like_mini_virus_isolate_SAfiA-266-9,_complete_genome
3685	2681	 0.194	MN780065.1_MAG:_Torque_teno_midi_virus_isolate_SAfiA-861-237_ORF1_gene,_complete_cds
3686	2662	 0.194	MN779955.1_MAG:_Torque_teno_midi_virus_isolate_SAfiA-698-4_ORF1_gene,_complete_cds
3687	2921	 0.194	MN770342.1_MAG:_TTV-like_mini_virus_isolate_SAfiA-27-9,_complete_genome
3688	2640	 0.194	MN775474.1_MAG:_Torque_teno_midi_virus_isolate_SAfiA-415-10_ORF1_gene,_complete_cds
3689	2651	 0.194	MN778683.1_MAG:_Torque_teno_midi_virus_isolate_SAfiA-319-38_ORF1_gene,_complete_cds
3690	2876	 0.194	MZ286234.1_Anelloviridae_sp._isolate_SP7_C4,_complete_genome
3691	2552	 0.194	MN777745.1_MAG:_Torque_teno_midi_virus_isolate_SAfiA-240-27_ORF1_gene,_complete_cds
3692	2917	 0.194	MN770225.1_MAG:_TTV-like_mini_virus_isolate_SAfiA-859-8,_complete_genome
3693	2950	 0.194	MN770481.1_MAG:_TTV-like_mini_virus_isolate_SAfiA-242-15,_complete_genome
3694	2515	 0.194	MN778146.1_MAG:_Torque_teno_midi_virus_isolate_SAfiA-810-107_ORF1_gene,_complete_cds
3695	2834	 0.194	MN771438.1_MAG:_TTV-like_mini_virus_isolate_SAfiA-462-3,_complete_genome
3696	2874	 0.193	MN769183.1_MAG:_TTV-like_mini_virus_isolate_SAfiA-317-12,_complete_genome
3697	2605	 0.193	MN779114.1_MAG:_Torque_teno_midi_virus_isolate_SAfiA-235-86_ORF1_gene,_complete_cds
3698	2809	 0.193	MN769602.1_MAG:_TTV-like_mini_virus_isolate_SAfiA-610-17,_complete_genome
3699	2464	 0.193	MN779357.1_MAG:_Torque_teno_midi_virus_isolate_SAfiA-346-187_ORF1_gene,_complete_cds
3700	2728	 0.193	MN777636.1_MAG:_Torque_teno_midi_virus_isolate_SAfiA-590-100_ORF1_gene,_complete_cds
3701	2736	 0.193	MN776761.1_MAG:_Torque_teno_midi_virus_isolate_SAfiA-102-57_ORF1_gene,_complete_cds
3702	2751	 0.193	MN775113.1_MAG:_Torque_teno_midi_virus_isolate_SAfiA-892-16_ORF1_gene,_complete_cds
3703	2530	 0.193	MN779551.1_MAG:_Torque_teno_midi_virus_isolate_SAfiA-412-11_ORF1_gene,_complete_cds
3704	2531	 0.193	MN778438.1_MAG:_Torque_teno_midi_virus_isolate_SAfiA-615-1007_ORF1_gene,_complete_cds
3705	2887	 0.193	MN769390.1_MAG:_TTV-like_mini_virus_isolate_SAfiA-447-2,_complete_genome
3706	2823	 0.193	MN768875.1_MAG:_Torque_teno_mini_virus_isolate_SAfiA-241-29,_complete_ORF1
3707	2846	 0.193	MN769509.1_MAG:_TTV-like_mini_virus_isolate_SAfiA-57-21,_complete_genome
3708	2385	 0.193	MN776215.1_MAG:_Torque_teno_midi_virus_isolate_SAfiA-582-35_ORF1_gene,_complete_cds
3709	2438	 0.192	MN775848.1_MAG:_Torque_teno_midi_virus_isolate_SAfiA-450-31_ORF1_gene,_complete_cds
3710	2909	 0.192	MN769489.1_MAG:_TTV-like_mini_virus_isolate_SAfiA-558-6,_complete_genome
3711	2622	 0.192	MN778022.1_MAG:_Torque_teno_midi_virus_isolate_SAfiA-435-16_ORF1_gene,_complete_cds
3712	2673	 0.192	MN776290.1_MAG:_Torque_teno_midi_virus_isolate_SAfiA-610-31_ORF1_gene,_complete_cds
3713	2987	 0.192	MN776114.1_MAG:_Torque_teno_midi_virus_isolate_SAfiA-226-8_ORF1_gene,_complete_cds
3714	2748	 0.192	MN770818.1_MAG:_TTV-like_mini_virus_isolate_SAfiA-362-24,_complete_genome
3715	2814	 0.192	MN771226.1_MAG:_TTV-like_mini_virus_isolate_SAfiA-275-60,_complete_genome
3716	2880	 0.192	MN770809.1_MAG:_TTV-like_mini_virus_isolate_SAfiA-319-18,_complete_genome
3717	2657	 0.192	MN778637.1_MAG:_Torque_teno_midi_virus_isolate_SAfiA-123-42_ORF1_gene,_complete_cds
3718	2565	 0.192	MN778894.1_MAG:_Torque_teno_midi_virus_isolate_SAfiA-346-118_ORF1_gene,_complete_cds
3719	2549	 0.192	MN778385.1_MAG:_Torque_teno_midi_virus_isolate_SAfiA-346-127_ORF1_gene,_complete_cds
3720	2627	 0.192	MN777703.1_MAG:_Torque_teno_midi_virus_isolate_SAfiA-565-40_ORF1_gene,_complete_cds
3721	2823	 0.192	MZ286267.1_Anelloviridae_sp._isolate_SP38_C2,_complete_genome
3722	2906	 0.192	MN769743.1_MAG:_TTV-like_mini_virus_isolate_SAfiA-803-7,_complete_genome
3723	2758	 0.192	MN780104.1_MAG:_Torque_teno_midi_virus_isolate_SAfiA-570-9_ORF1_gene,_complete_cds
3724	2807	 0.192	MN770812.1_MAG:_TTV-like_mini_virus_isolate_SAfiA-326-21,_complete_genome
3725	2721	 0.192	MN775698.1_MAG:_Torque_teno_midi_virus_isolate_SAfiA-861-189_ORF1_gene,_complete_cds
3726	2546	 0.191	MN776287.1_MAG:_Torque_teno_midi_virus_isolate_SAfiA-591-29_ORF1_gene,_complete_cds
3727	2538	 0.191	MN776937.1_MAG:_Torque_teno_midi_virus_isolate_SAfiA-234-49_ORF1_gene,_complete_cds
3728	2965	 0.191	MN770489.1_MAG:_TTV-like_mini_virus_isolate_SAfiA-251-11,_complete_genome
3729	2893	 0.191	MN770289.1_MAG:_TTV-like_mini_virus_isolate_SAfiA-224-22,_complete_genome
3730	2914	 0.191	MN769680.1_MAG:_TTV-like_mini_virus_isolate_SAfiA-677-7,_complete_genome
3731	2819	 0.191	MN770276.1_MAG:_TTV-like_mini_virus_isolate_SAfiA-865-121,_complete_genome
3732	2816	 0.191	MN768704.1_MAG:_Torque_teno_mini_virus_isolate_SAfiA-821-86,_complete_ORF1
3733	2965	 0.191	MN776008.1_MAG:_Torque_teno_midi_virus_isolate_SAfiA-432-1_ORF1_gene,_complete_cds
3734	2530	 0.191	MN779896.1_MAG:_Torque_teno_midi_virus_isolate_SAfiA-414-61_ORF1_gene,_complete_cds
3735	2916	 0.191	MN770293.1_MAG:_TTV-like_mini_virus_isolate_SAfiA-274-24,_complete_genome
3736	2497	 0.191	MN778496.1_MAG:_Torque_teno_midi_virus_isolate_SAfiA-307-10_ORF1_gene,_complete_cds
3737	4766	 0.191	AB847989.1_Bufavirus-3_genes_for_NS1,_putative_VP1,_hypothetical_protein,_VP2,_partial_and_complete_cds,_strain:_BTN-310
3738	2957	 0.191	MN770747.1_MAG:_TTV-like_mini_virus_isolate_SAfiA-682-2,_complete_genome
3739	2655	 0.191	MN776206.1_MAG:_Torque_teno_midi_virus_isolate_SAfiA-556-30_ORF1_gene,_complete_cds
3740	2836	 0.191	MN771147.1_MAG:_TTV-like_mini_virus_isolate_SAfiA-590-79,_complete_genome
3741	3013	 0.191	MN769088.1_MAG:_TTV-like_mini_virus_isolate_SAfiA-226-10,_complete_genome
3742	2241	 0.190	MN165102.1_TTV-like_mini_virus_isolate_Chzj0541_hypothetical_protein_gene,_complete_cds
3743	2721	 0.190	MN768890.1_MAG:_Torque_teno_mini_virus_isolate_SAfiA-242-45,_complete_ORF1
3744	2602	 0.190	MN775967.1_MAG:_Torque_teno_midi_virus_isolate_SAfiA-241-48_ORF1_gene,_complete_cds
3745	2450	 0.190	MN165099.1_Torque_teno_midi_virus_isolate_Chzj0394_hypothetical_protein_gene,_complete_cds
3746	2843	 0.190	MN770078.1_MAG:_TTV-like_mini_virus_isolate_SAfiA-434-6,_complete_genome
3747	2734	 0.190	MN777626.1_MAG:_Torque_teno_midi_virus_isolate_SAfiA-587-154_ORF1_gene,_complete_cds
3748	2988	 0.190	MN770411.1_MAG:_TTV-like_mini_virus_isolate_SAfiA-795-11,_complete_genome
3749	2544	 0.190	MN776214.1_MAG:_Torque_teno_midi_virus_isolate_SAfiA-581-87_ORF1_gene,_complete_cds
3750	2651	 0.190	MN778626.1_MAG:_Torque_teno_midi_virus_isolate_SAfiA-107-37_ORF1_gene,_complete_cds
3751	2464	 0.190	MN777844.1_MAG:_Torque_teno_midi_virus_isolate_SAfiA-587-315_ORF1_gene,_complete_cds
3752	2900	 0.190	MN769136.1_MAG:_TTV-like_mini_virus_isolate_SAfiA-25A-2,_complete_genome
3753	2597	 0.190	MN776042.1_MAG:_Torque_teno_midi_virus_isolate_SAfiA-684-20_ORF1_gene,_complete_cds
3754	2597	 0.190	MN775097.1_MAG:_Torque_teno_midi_virus_isolate_SAfiA-33-47_ORF1_gene,_complete_cds
3755	3093	 0.190	MN780409.1_MAG:_Torque_teno_midi_virus_isolate_SAfiA-641-1_ORF1_gene,_complete_cds
3756	2524	 0.190	MN776180.1_MAG:_Torque_teno_midi_virus_isolate_SAfiA-35-152_ORF1_gene,_complete_cds
3757	2316	 0.190	MN780044.1_MAG:_Torque_teno_midi_virus_isolate_SAfiA-520-39_ORF1_gene,_complete_cds
3758	2629	 0.189	MN777300.1_MAG:_Torque_teno_midi_virus_isolate_SAfiA-593-39_ORF1_gene,_complete_cds
3759	2495	 0.189	MN775212.1_MAG:_Torque_teno_midi_virus_isolate_SAfiA-254-128_ORF1_gene,_complete_cds
3760	2587	 0.189	MN775727.1_MAG:_Torque_teno_midi_virus_isolate_SAfiA-676-50_ORF1_gene,_complete_cds
3761	2900	 0.189	MN769275.1_MAG:_TTV-like_mini_virus_isolate_SAfiA-362-12,_complete_genome
3762	2577	 0.189	MN777033.1_MAG:_Torque_teno_midi_virus_isolate_SAfiA-442-48_ORF1_gene,_complete_cds
3763	2584	 0.189	MN780309.1_MAG:_Torque_teno_midi_virus_isolate_SAfiA-6-26_ORF1_gene,_complete_cds
3764	2562	 0.189	MN776822.1_MAG:_Torque_teno_midi_virus_isolate_SAfiA-500-92_ORF1_gene,_complete_cds
3765	2613	 0.189	MN776179.1_MAG:_Torque_teno_midi_virus_isolate_SAfiA-346-71_ORF1_gene,_complete_cds
3766	2834	 0.189	MN770710.1_MAG:_TTV-like_mini_virus_isolate_SAfiA-590-63,_complete_genome
3767	2892	 0.189	MN779323.1_MAG:_Torque_teno_midi_virus_isolate_SAfiA-681-7_ORF1_gene,_complete_cds
3768	2570	 0.189	MN779934.1_MAG:_Torque_teno_midi_virus_isolate_SAfiA-434-13_ORF1_gene,_complete_cds
3769	2603	 0.189	MN776607.1_MAG:_Torque_teno_midi_virus_isolate_SAfiA-254-85_ORF1_gene,_complete_cds
3770	2855	 0.189	MN769120.1_MAG:_TTV-like_mini_virus_isolate_SAfiA-244-15,_complete_genome
3771	2894	 0.189	MN769113.1_MAG:_TTV-like_mini_virus_isolate_SAfiA-239-6,_complete_genome
3772	2589	 0.189	MN777342.1_MAG:_Torque_teno_midi_virus_isolate_SAfiA-116-59_ORF1_gene,_complete_cds
3773	2506	 0.188	MN777681.1_MAG:_Torque_teno_midi_virus_isolate_SAfiA-77-220_ORF1_gene,_complete_cds
3774	2493	 0.188	MN779862.1_MAG:_Torque_teno_midi_virus_isolate_SAfiA-61-55_ORF1_gene,_complete_cds
3775	2527	 0.188	MN775628.1_MAG:_Torque_teno_midi_virus_isolate_SAfiA-235-111_ORF1_gene,_complete_cds
3776	2318	 0.188	MN779514.1_MAG:_Torque_teno_midi_virus_isolate_SAfiA-61-66_ORF1_gene,_complete_cds
3777	2594	 0.188	MN778205.1_MAG:_Torque_teno_midi_virus_isolate_SAfiA-353-103_ORF1_gene,_complete_cds
3778	2909	 0.188	MN770961.1_MAG:_TTV-like_mini_virus_isolate_SAfiA-822-13,_complete_genome
3779	2845	 0.188	MN770386.1_MAG:_TTV-like_mini_virus_isolate_SAfiA-590-58,_complete_genome
3780	2994	 0.188	MN769035.1_MAG:_TTV-like_mini_virus_isolate_SAfiA-10-4,_complete_genome
3781	2855	 0.188	MN770764.1_MAG:_TTV-like_mini_virus_isolate_SAfiA-780-12,_complete_genome
3782	2620	 0.188	MN778135.1_MAG:_Torque_teno_midi_virus_isolate_SAfiA-5A-32_ORF1_gene,_complete_cds
3783	3039	 0.188	MN769869.1_MAG:_TTV-like_mini_virus_isolate_SAfiA-224-9,_complete_genome
3784	2616	 0.188	MN777920.1_MAG:_Torque_teno_midi_virus_isolate_SAfiA-646-26_ORF1_gene,_complete_cds
3785	2890	 0.188	MN768959.1_MAG:_Torque_teno_mini_virus_isolate_SAfiA-277-29,_complete_ORF1
3786	2535	 0.188	MN777505.1_MAG:_Torque_teno_midi_virus_isolate_SAfiA-245-42_ORF1_gene,_complete_cds
3787	2735	 0.188	MN768626.1_MAG:_Torque_teno_mini_virus_isolate_SAfiA-697-10,_complete_ORF1
3788	2958	 0.188	MN770359.1_MAG:_TTV-like_mini_virus_isolate_SAfiA-387-1,_complete_genome
3789	2883	 0.188	MN769248.1_MAG:_TTV-like_mini_virus_isolate_SAfiA-353-28,_complete_genome
3790	2644	 0.188	MN775562.1_MAG:_Torque_teno_midi_virus_isolate_SAfiA-644-25_ORF1_gene,_complete_cds
3791	2834	 0.187	MN769152.1_MAG:_TTV-like_mini_virus_isolate_SAfiA-275-56,_complete_genome
3792	2518	 0.187	MN779559.1_MAG:_Torque_teno_midi_virus_isolate_SAfiA-569-104_ORF1_gene,_complete_cds
3793	2867	 0.187	MN770919.1_MAG:_TTV-like_mini_virus_isolate_SAfiA-91-23,_complete_genome
3794	2970	 0.187	MN770920.1_MAG:_TTV-like_mini_virus_isolate_SAfiA-402-4,_complete_genome
3795	2853	 0.187	MN769853.1_MAG:_TTV-like_mini_virus_isolate_SAfiA-92-20,_complete_genome
3796	2900	 0.187	MN768709.1_MAG:_Torque_teno_mini_virus_isolate_SAfiA-831-14,_complete_ORF1
3797	2602	 0.187	MN775291.1_MAG:_Torque_teno_midi_virus_isolate_SAfiA-700-10_ORF1_gene,_complete_cds
3798	2863	 0.187	MN770077.1_MAG:_TTV-like_mini_virus_isolate_SAfiA-434-5,_complete_genome
3799	2479	 0.186	MN780368.1_MAG:_Torque_teno_midi_virus_isolate_SAfiA-590-2_ORF1_gene,_complete_cds
3800	2852	 0.186	MN769198.1_MAG:_TTV-like_mini_virus_isolate_SAfiA-326-16,_complete_genome
3801	2615	 0.186	MN780205.1_MAG:_Torque_teno_midi_virus_isolate_SAfiA-346-94_ORF1_gene,_complete_cds
3802	2874	 0.186	MN770724.1_MAG:_TTV-like_mini_virus_isolate_SAfiA-624-14,_complete_genome
3803	2928	 0.186	MN769242.1_MAG:_TTV-like_mini_virus_isolate_SAfiA-35-19,_complete_genome
3804	2631	 0.186	MN776115.1_MAG:_Torque_teno_midi_virus_isolate_SAfiA-242-66_ORF1_gene,_complete_cds
3805	2961	 0.186	MN776990.1_MAG:_Torque_teno_midi_virus_isolate_SAfiA-305-5_ORF1_gene,_complete_cds
3806	2667	 0.186	MN768762.1_MAG:_Torque_teno_mini_virus_isolate_SAfiA-88-42,_complete_ORF1
3807	2477	 0.186	MN777498.1_MAG:_Torque_teno_midi_virus_isolate_SAfiA-23-7_ORF1_gene,_complete_cds
3808	2631	 0.186	MN778640.1_MAG:_Torque_teno_midi_virus_isolate_SAfiA-127-23_ORF1_gene,_complete_cds
3809	2474	 0.186	MN775349.1_MAG:_Torque_teno_midi_virus_isolate_SAfiA-227-17_ORF1_gene,_complete_cds
3810	2589	 0.186	MN776233.1_MAG:_Torque_teno_midi_virus_isolate_SAfiA-651-57_ORF1_gene,_complete_cds
3811	2877	 0.186	MN770754.1_MAG:_TTV-like_mini_virus_isolate_SAfiA-70-12,_complete_genome
3812	3039	 0.186	MN770003.1_MAG:_TTV-like_mini_virus_isolate_SAfiA-71-5,_complete_genome
3813	2463	 0.186	MN775913.1_MAG:_Torque_teno_midi_virus_isolate_SAfiA-312-26_ORF1_gene,_complete_cds
3814	2581	 0.186	MN778967.1_MAG:_Torque_teno_midi_virus_isolate_SAfiA-674-16_ORF1_gene,_complete_cds
3815	2799	 0.186	MN771375.1_MAG:_TTV-like_mini_virus_isolate_SAfiA-626-28,_complete_genome
3816	2918	 0.186	MN771495.1_MAG:_TTV-like_mini_virus_isolate_SAfiA-724-7,_complete_genome
3817	2310	 0.185	MN780171.1_MAG:_Torque_teno_midi_virus_isolate_SAfiA-250-31_ORF1_gene,_complete_cds
3818	2891	 0.185	MN769358.1_MAG:_TTV-like_mini_virus_isolate_SAfiA-405-4,_complete_genome
3819	2527	 0.185	MN780238.1_MAG:_Torque_teno_midi_virus_isolate_SAfiA-4-48_ORF1_gene,_complete_cds
3820	2494	 0.185	MN778508.1_MAG:_Torque_teno_midi_virus_isolate_SAfiA-346-168_ORF1_gene,_complete_cds
3821	2913	 0.185	MN770610.1_MAG:_TTV-like_mini_virus_isolate_SAfiA-388-86,_complete_genome
3822	2884	 0.185	MN770587.1_MAG:_TTV-like_mini_virus_isolate_SAfiA-380-36,_complete_genome
3823	2313	 0.185	MN775189.1_MAG:_Torque_teno_midi_virus_isolate_SAfiA-785-174_ORF1_gene,_complete_cds
3824	2859	 0.185	MN769992.1_MAG:_TTV-like_mini_virus_isolate_SAfiA-649-13,_complete_genome
3825	3039	 0.185	MN770018.1_MAG:_TTV-like_mini_virus_isolate_SAfiA-81-9,_complete_genome
3826	2497	 0.185	MN780327.1_MAG:_Torque_teno_midi_virus_isolate_SAfiA-70-57_ORF1_gene,_complete_cds
3827	2668	 0.185	MN777418.1_MAG:_Torque_teno_midi_virus_isolate_SAfiA-485-41_ORF1_gene,_complete_cds
3828	2738	 0.185	MN775322.1_MAG:_Torque_teno_midi_virus_isolate_SAfiA-332-16_ORF1_gene,_complete_cds
3829	2858	 0.185	MN770098.1_MAG:_TTV-like_mini_virus_isolate_SAfiA-587-67,_complete_genome
3830	2870	 0.185	MN770471.1_MAG:_TTV-like_mini_virus_isolate_SAfiA-225-7,_complete_genome
3831	2856	 0.184	MN769785.1_MAG:_TTV-like_mini_virus_isolate_SAfiA-870-11,_complete_genome
3832	2495	 0.184	MN778057.1_MAG:_Torque_teno_midi_virus_isolate_SAfiA-615-1043_ORF1_gene,_complete_cds
3833	2812	 0.184	MN771094.1_MAG:_TTV-like_mini_virus_isolate_SAfiA-306B-28,_complete_genome
3834	2553	 0.184	MN776096.1_MAG:_Torque_teno_midi_virus_isolate_SAfiA-859-36_ORF1_gene,_complete_cds
3835	3043	 0.184	MN779632.1_MAG:_Torque_teno_midi_virus_isolate_SAfiA-324-8_ORF1_gene,_complete_cds
3836	2487	 0.184	MN777867.1_MAG:_Torque_teno_midi_virus_isolate_SAfiA-651-77_ORF1_gene,_complete_cds
3837	2900	 0.184	MN769732.1_MAG:_TTV-like_mini_virus_isolate_SAfiA-778-20,_complete_genome
3838	2483	 0.184	MN777331.1_MAG:_Torque_teno_midi_virus_isolate_SAfiA-701-21_ORF1_gene,_complete_cds
3839	2897	 0.184	MN770223.1_MAG:_TTV-like_mini_virus_isolate_SAfiA-68-9,_complete_genome
3840	2547	 0.184	MN777873.1_MAG:_Torque_teno_midi_virus_isolate_SAfiA-70-50_ORF1_gene,_complete_cds
3841	2988	 0.184	MN770490.1_MAG:_TTV-like_mini_virus_isolate_SAfiA-251-13,_complete_genome
3842	2646	 0.184	MN779154.1_MAG:_Torque_teno_midi_virus_isolate_SAfiA-361-57_ORF1_gene,_complete_cds
3843	2933	 0.184	MN770601.1_MAG:_TTV-like_mini_virus_isolate_SAfiA-388-25,_complete_genome
3844	2908	 0.184	MN769642.1_MAG:_TTV-like_mini_virus_isolate_SAfiA-642-22,_complete_genome
3845	2538	 0.184	MN776383.1_MAG:_Torque_teno_midi_virus_isolate_SAfiA-684-31_ORF1_gene,_complete_cds
3846	2566	 0.184	MN779650.1_MAG:_Torque_teno_midi_virus_isolate_SAfiA-353-111_ORF1_gene,_complete_cds
3847	2472	 0.184	MN776066.1_MAG:_Torque_teno_midi_virus_isolate_SAfiA-346-183_ORF1_gene,_complete_cds
3848	2921	 0.184	MN769559.1_MAG:_TTV-like_mini_virus_isolate_SAfiA-587-36,_complete_genome
3849	3054	 0.184	MN776487.1_MAG:_Torque_teno_midi_virus_isolate_SAfiA-815-20_ORF1_gene,_complete_cds
3850	2526	 0.184	MN780267.1_MAG:_Torque_teno_midi_virus_isolate_SAfiA-535-23_ORF1_gene,_complete_cds
3851	2876	 0.184	MN769845.1_MAG:_TTV-like_mini_virus_isolate_SAfiA-50-14,_complete_genome
3852	2664	 0.184	MN778710.1_MAG:_Torque_teno_midi_virus_isolate_SAfiA-361-53_ORF1_gene,_complete_cds
3853	2677	 0.184	MN776307.1_MAG:_Torque_teno_midi_virus_isolate_SAfiA-94-47_ORF1_gene,_complete_cds
3854	2537	 0.183	MN775870.1_MAG:_Torque_teno_midi_virus_isolate_SAfiA-601-21_ORF1_gene,_complete_cds
3855	2646	 0.183	MN775645.1_MAG:_Torque_teno_midi_virus_isolate_SAfiA-386-19_ORF1_gene,_complete_cds
3856	2661	 0.183	MN777014.1_MAG:_Torque_teno_midi_virus_isolate_SAfiA-365-32_ORF1_gene,_complete_cds
3857	2517	 0.183	MN780318.1_MAG:_Torque_teno_midi_virus_isolate_SAfiA-651-72_ORF1_gene,_complete_cds
3858	2950	 0.183	MN770766.1_MAG:_TTV-like_mini_virus_isolate_SAfiA-792-254,_complete_genome
3859	2269	 0.183	MN779377.1_MAG:_Torque_teno_midi_virus_isolate_SAfiA-511-32_ORF1_gene,_complete_cds
3860	2890	 0.183	MN769122.1_MAG:_TTV-like_mini_virus_isolate_SAfiA-245-15,_complete_genome
3861	2652	 0.183	MN775466.1_MAG:_Torque_teno_midi_virus_isolate_SAfiA-325-33_ORF1_gene,_complete_cds
3862	2575	 0.183	MN778075.1_MAG:_Torque_teno_midi_virus_isolate_SAfiA-857-276_ORF1_gene,_complete_cds
3863	2310	 0.183	MN775966.1_MAG:_Torque_teno_midi_virus_isolate_SAfiA-234-69_ORF1_gene,_complete_cds
3864	2618	 0.183	MN779198.1_MAG:_Torque_teno_midi_virus_isolate_SAfiA-587-219_ORF1_gene,_complete_cds
3865	2834	 0.183	MN769313.1_MAG:_TTV-like_mini_virus_isolate_SAfiA-388-105,_complete_genome
3866	2515	 0.183	MN778699.1_MAG:_Torque_teno_midi_virus_isolate_SAfiA-346-148_ORF1_gene,_complete_cds
3867	2514	 0.183	MN775612.1_MAG:_Torque_teno_midi_virus_isolate_SAfiA-5A-46_ORF1_gene,_complete_cds
3868	2938	 0.183	MN771145.1_MAG:_TTV-like_mini_virus_isolate_SAfiA-589-13,_complete_genome
3869	2698	 0.183	MN768636.1_MAG:_Torque_teno_mini_virus_isolate_SAfiA-701-13,_complete_ORF1
3870	2975	 0.182	MN769959.1_MAG:_TTV-like_mini_virus_isolate_SAfiA-574-3,_complete_genome
3871	2766	 0.182	MN779749.1_MAG:_Torque_teno_midi_virus_isolate_SAfiA-641-3_ORF1_gene,_complete_cds
3872	2581	 0.182	OL694835.1_Torque_teno_mini_virus_11_isolate_TTMV-AMS-S2-11_ORF1_gene,_complete_cds
3873	2867	 0.182	MN779317.1_MAG:_Torque_teno_midi_virus_isolate_SAfiA-609-21_ORF1_gene,_complete_cds
3874	2509	 0.182	MN776911.1_MAG:_Torque_teno_midi_virus_isolate_SAfiA-643-15_ORF1_gene,_complete_cds
3875	2855	 0.182	MN770065.1_MAG:_TTV-like_mini_virus_isolate_SAfiA-360-18,_complete_genome
3876	2571	 0.182	MN775046.1_MAG:_Torque_teno_midi_virus_isolate_SAfiA-587-208_ORF1_gene,_complete_cds
3877	2904	 0.182	MN780357.1_MAG:_Torque_teno_midi_virus_isolate_SAfiA-88-29_ORF1_gene,_complete_cds
3878	2448	 0.182	MN775408.1_MAG:_Torque_teno_midi_virus_isolate_SAfiA-272-36_ORF1_gene,_complete_cds
3879	2931	 0.182	MN769268.1_MAG:_TTV-like_mini_virus_isolate_SAfiA-360-12,_complete_genome
3880	2494	 0.181	MN779844.1_MAG:_Torque_teno_midi_virus_isolate_SAfiA-485-65_ORF1_gene,_complete_cds
3881	2587	 0.181	MN776052.1_MAG:_Torque_teno_midi_virus_isolate_SAfiA-102-86_ORF1_gene,_complete_cds
3882	3034	 0.181	MN778416.1_MAG:_Torque_teno_midi_virus_isolate_SAfiA-544-2_ORF1_gene,_complete_cds
3883	2734	 0.181	MN778676.1_MAG:_Torque_teno_midi_virus_isolate_SAfiA-309-33_ORF1_gene,_complete_cds
3884	2830	 0.181	MN769054.1_MAG:_TTV-like_mini_virus_isolate_SAfiA-116-34,_complete_genome
3885	2894	 0.181	MN771460.1_MAG:_TTV-like_mini_virus_isolate_SAfiA-581-36,_complete_genome
3886	2824	 0.181	MN770828.1_MAG:_TTV-like_mini_virus_isolate_SAfiA-577-131,_complete_genome
3887	2950	 0.181	MN776384.1_MAG:_Torque_teno_midi_virus_isolate_SAfiA-71-21_ORF1_gene,_complete_cds
3888	2988	 0.181	MN770672.1_MAG:_TTV-like_mini_virus_isolate_SAfiA-573-19,_complete_genome
3889	2651	 0.181	MN776780.1_MAG:_Torque_teno_midi_virus_isolate_SAfiA-297-128_ORF1_gene,_complete_cds
3890	2835	 0.181	MN768938.1_MAG:_Torque_teno_mini_virus_isolate_SAfiA-267-23,_complete_ORF1
3891	2478	 0.181	MN778521.1_MAG:_Torque_teno_midi_virus_isolate_SAfiA-380-211_ORF1_gene,_complete_cds
3892	2569	 0.181	MN777431.1_MAG:_Torque_teno_midi_virus_isolate_SAfiA-577-242_ORF1_gene,_complete_cds
3893	2551	 0.181	MN776592.1_MAG:_Torque_teno_midi_virus_isolate_SAfiA-123-58_ORF1_gene,_complete_cds
3894	2446	 0.181	MN778495.1_MAG:_Torque_teno_midi_virus_isolate_SAfiA-306A-86_ORF1_gene,_complete_cds
3895	2432	 0.181	MN776621.1_MAG:_Torque_teno_midi_virus_isolate_SAfiA-319-96_ORF1_gene,_complete_cds
3896	2834	 0.180	MN769263.1_MAG:_TTV-like_mini_virus_isolate_SAfiA-358-7,_complete_genome
3897	2613	 0.180	MN778405.1_MAG:_Torque_teno_midi_virus_isolate_SAfiA-414-44_ORF1_gene,_complete_cds
3898	2667	 0.180	MN779575.1_MAG:_Torque_teno_midi_virus_isolate_SAfiA-725-8_ORF1_gene,_complete_cds
3899	2947	 0.180	MN770925.1_MAG:_TTV-like_mini_virus_isolate_SAfiA-307-2,_complete_genome
3900	2612	 0.180	MN778971.1_MAG:_Torque_teno_midi_virus_isolate_SAfiA-868-37_ORF1_gene,_complete_cds
3901	3053	 0.180	MN776128.1_MAG:_Torque_teno_midi_virus_isolate_SAfiA-478-4_ORF1_gene,_complete_cds
3902	2917	 0.180	MN770245.1_MAG:_TTV-like_mini_virus_isolate_SAfiA-235-19,_complete_genome
3903	2897	 0.180	MN771065.1_MAG:_TTV-like_mini_virus_isolate_SAfiA-460-5,_complete_genome
3904	2747	 0.180	MN778019.1_MAG:_Torque_teno_midi_virus_isolate_SAfiA-421-18_ORF1_gene,_complete_cds
3905	2852	 0.180	MN769033.1_MAG:_TTV-like_mini_virus_isolate_SAfiA-102-50,_complete_genome
3906	2897	 0.180	MN769079.1_MAG:_TTV-like_mini_virus_isolate_SAfiA-130-8,_complete_genome
3907	3053	 0.180	MN774929.1_MAG:_Torque_teno_midi_virus_isolate_SAfiA-361-6,_complete_genome
3908	2613	 0.180	MN777375.1_MAG:_Torque_teno_midi_virus_isolate_SAfiA-34-10_ORF1_gene,_complete_cds
3909	2932	 0.180	MN770113.1_MAG:_TTV-like_mini_virus_isolate_SAfiA-678-4,_complete_genome
3910	2898	 0.180	MN769538.1_MAG:_TTV-like_mini_virus_isolate_SAfiA-581-17,_complete_genome
3911	2941	 0.180	MN770203.1_MAG:_TTV-like_mini_virus_isolate_SAfiA-6-5,_complete_genome
3912	2950	 0.179	MN770686.1_MAG:_TTV-like_mini_virus_isolate_SAfiA-577-72,_complete_genome
3913	2684	 0.179	MN768677.1_MAG:_Torque_teno_mini_virus_isolate_SAfiA-763-11,_complete_ORF1
3914	2892	 0.179	MN770399.1_MAG:_TTV-like_mini_virus_isolate_SAfiA-704-10,_complete_genome
3915	2972	 0.179	MN770158.1_MAG:_TTV-like_mini_virus_isolate_SAfiA-577-75,_complete_genome
3916	2808	 0.179	MN769776.1_MAG:_TTV-like_mini_virus_isolate_SAfiA-859-22,_complete_genome
3917	2490	 0.179	MN775255.1_MAG:_Torque_teno_midi_virus_isolate_SAfiA-485-67_ORF1_gene,_complete_cds
3918	2331	 0.179	MN778160.1_MAG:_Torque_teno_midi_virus_isolate_SAfiA-118-32_ORF1_gene,_complete_cds
3919	2524	 0.179	MN779196.1_MAG:_Torque_teno_midi_virus_isolate_SAfiA-581-90_ORF1_gene,_complete_cds
3920	2694	 0.179	MN768589.1_MAG:_Torque_teno_mini_virus_isolate_SAfiA-667-23,_complete_ORF1
3921	2967	 0.179	MN780412.1_MAG:_Torque_teno_midi_virus_isolate_SAfiA-718-9_ORF1_gene,_complete_cds
3922	2462	 0.179	MN776087.1_MAG:_Torque_teno_midi_virus_isolate_SAfiA-604-65_ORF1_gene,_complete_cds
3923	2594	 0.179	MN776486.1_MAG:_Torque_teno_midi_virus_isolate_SAfiA-812-63_ORF1_gene,_complete_cds
3924	2623	 0.178	MN776964.1_MAG:_Torque_teno_midi_virus_isolate_SAfiA-844-9_ORF1_gene,_complete_cds
3925	2567	 0.178	MN776061.1_MAG:_Torque_teno_midi_virus_isolate_SAfiA-306A-68_ORF1_gene,_complete_cds
3926	2988	 0.178	MZ286226.1_Anelloviridae_sp._isolate_SP1_C2,_complete_genome
3927	3039	 0.178	MN769846.1_MAG:_TTV-like_mini_virus_isolate_SAfiA-505-0,_complete_genome
3928	2472	 0.178	MN776575.1_MAG:_Torque_teno_midi_virus_isolate_SAfiA-826-6_ORF1_gene,_complete_cds
3929	3033	 0.178	MN774984.1_MAG:_Torque_teno_midi_virus_isolate_SAfiA-459-2,_complete_genome
3930	3054	 0.178	MN777945.1_MAG:_Torque_teno_midi_virus_isolate_SAfiA-829-0_ORF1_gene,_complete_cds
3931	2454	 0.178	MN776512.1_MAG:_Torque_teno_midi_virus_isolate_SAfiA-254-139_ORF1_gene,_complete_cds
3932	2545	 0.178	MN776881.1_MAG:_Torque_teno_midi_virus_isolate_SAfiA-272-27_ORF1_gene,_complete_cds
3933	2701	 0.178	MN775389.1_MAG:_Torque_teno_midi_virus_isolate_SAfiA-677-13_ORF1_gene,_complete_cds
3934	2533	 0.178	MN776193.1_MAG:_Torque_teno_midi_virus_isolate_SAfiA-445-19_ORF1_gene,_complete_cds
3935	2546	 0.178	MN778725.1_MAG:_Torque_teno_midi_virus_isolate_SAfiA-37-21_ORF1_gene,_complete_cds
3936	2671	 0.178	MN778790.1_MAG:_Torque_teno_midi_virus_isolate_SAfiA-572-49_ORF1_gene,_complete_cds
3937	2728	 0.178	MN777506.1_MAG:_Torque_teno_midi_virus_isolate_SAfiA-246-8_ORF1_gene,_complete_cds
3938	2581	 0.178	MN776240.1_MAG:_Torque_teno_midi_virus_isolate_SAfiA-70-44_ORF1_gene,_complete_cds
3939	2932	 0.178	MN770076.1_MAG:_TTV-like_mini_virus_isolate_SAfiA-432-0,_complete_genome
3940	2837	 0.178	MN779276.1_MAG:_Torque_teno_midi_virus_isolate_SAfiA-102-52_ORF1_gene,_complete_cds
3941	2648	 0.178	MN780039.1_MAG:_Torque_teno_midi_virus_isolate_SAfiA-442-33_ORF1_gene,_complete_cds
3942	2592	 0.177	MN779110.1_MAG:_Torque_teno_midi_virus_isolate_SAfiA-234-39_ORF1_gene,_complete_cds
3943	2848	 0.177	MN769315.1_MAG:_TTV-like_mini_virus_isolate_SAfiA-388-114,_complete_genome
3944	2593	 0.177	MN775781.1_MAG:_Torque_teno_midi_virus_isolate_SAfiA-577-216_ORF1_gene,_complete_cds
3945	2935	 0.177	MN770851.1_MAG:_TTV-like_mini_virus_isolate_SAfiA-355-7,_complete_genome
3946	2639	 0.177	MN780272.1_MAG:_Torque_teno_midi_virus_isolate_SAfiA-566-39_ORF1_gene,_complete_cds
3947	2829	 0.177	MZ286180.1_Anelloviridae_sp._isolate_SP49_C6,_complete_genome
3948	2905	 0.177	MN769432.1_MAG:_TTV-like_mini_virus_isolate_SAfiA-498-5,_complete_genome
3949	2946	 0.177	MN770304.1_MAG:_TTV-like_mini_virus_isolate_SAfiA-386-10,_complete_genome
3950	2988	 0.177	MN769267.1_MAG:_TTV-like_mini_virus_isolate_SAfiA-359-8,_complete_genome
3951	2877	 0.177	MN776123.1_MAG:_Torque_teno_midi_virus_isolate_SAfiA-376-20_ORF1_gene,_complete_cds
3952	2538	 0.177	MN779951.1_MAG:_Torque_teno_midi_virus_isolate_SAfiA-615-1054_ORF1_gene,_complete_cds
3953	2549	 0.177	MN775010.1_MAG:_Torque_teno_midi_virus_isolate_SAfiA-254-104_ORF1_gene,_complete_cds
3954	2826	 0.177	MN770454.1_MAG:_TTV-like_mini_virus_isolate_SAfiA-11-28,_complete_genome
3955	2539	 0.176	MN778679.1_MAG:_Torque_teno_midi_virus_isolate_SAfiA-31-40_ORF1_gene,_complete_cds
3956	2617	 0.176	MN780021.1_MAG:_Torque_teno_midi_virus_isolate_SAfiA-313A-54_ORF1_gene,_complete_cds
3957	2921	 0.176	MN770586.1_MAG:_TTV-like_mini_virus_isolate_SAfiA-376-12,_complete_genome
3958	2475	 0.176	MN777762.1_MAG:_Torque_teno_midi_virus_isolate_SAfiA-306A-84_ORF1_gene,_complete_cds
3959	2676	 0.176	MN777883.1_MAG:_Torque_teno_midi_virus_isolate_SAfiA-810-76_ORF1_gene,_complete_cds
3960	2823	 0.176	MN769609.1_MAG:_TTV-like_mini_virus_isolate_SAfiA-61-12,_complete_genome
3961	2894	 0.176	MN769087.1_MAG:_TTV-like_mini_virus_isolate_SAfiA-225-5,_complete_genome
3962	2728	 0.176	MN778709.1_MAG:_Torque_teno_midi_virus_isolate_SAfiA-358-10_ORF1_gene,_complete_cds
3963	2514	 0.176	MN779980.1_MAG:_Torque_teno_midi_virus_isolate_SAfiA-39-34_ORF1_gene,_complete_cds
3964	2880	 0.176	MN769436.1_MAG:_TTV-like_mini_virus_isolate_SAfiA-500-41,_complete_genome
3965	2848	 0.176	MN769677.1_MAG:_TTV-like_mini_virus_isolate_SAfiA-676-25,_complete_genome
3966	2628	 0.176	MN776688.1_MAG:_Torque_teno_midi_virus_isolate_SAfiA-615-957_ORF1_gene,_complete_cds
3967	2538	 0.176	MN779553.1_MAG:_Torque_teno_midi_virus_isolate_SAfiA-4-46_ORF1_gene,_complete_cds
3968	2629	 0.176	MN776041.1_MAG:_Torque_teno_midi_virus_isolate_SAfiA-68-20_ORF1_gene,_complete_cds
3969	2801	 0.175	MN771483.1_MAG:_TTV-like_mini_virus_isolate_SAfiA-639-1611,_complete_genome
3970	2470	 0.175	MN777371.1_MAG:_Torque_teno_midi_virus_isolate_SAfiA-325-56_ORF1_gene,_complete_cds
3971	2637	 0.175	MN776876.1_MAG:_Torque_teno_midi_virus_isolate_SAfiA-94-55_ORF1_gene,_complete_cds
3972	2942	 0.175	MN770558.1_MAG:_TTV-like_mini_virus_isolate_SAfiA-349-13,_complete_genome
3973	2625	 0.175	MN779137.1_MAG:_Torque_teno_midi_virus_isolate_SAfiA-314-49_ORF1_gene,_complete_cds
3974	2575	 0.175	MN777894.1_MAG:_Torque_teno_midi_virus_isolate_SAfiA-95A-31_ORF1_gene,_complete_cds
3975	2863	 0.175	MN771009.1_MAG:_TTV-like_mini_virus_isolate_SAfiA-77-114,_complete_genome
3976	2434	 0.175	MN780148.1_MAG:_Torque_teno_midi_virus_isolate_SAfiA-87-123_ORF1_gene,_complete_cds
3977	2595	 0.175	MN778939.1_MAG:_Torque_teno_midi_virus_isolate_SAfiA-235-91_ORF1_gene,_complete_cds
3978	4781	 0.175	AB982220.1_Bufavirus-3_genes_for_NS1,_VP1,_VP2,_complete_cds,_strain:_AHP-368
3979	2792	 0.175	MN768833.1_MAG:_Torque_teno_mini_virus_isolate_SAfiA-777-22,_complete_ORF1
3980	2949	 0.175	MN770786.1_MAG:_TTV-like_mini_virus_isolate_SAfiA-857-189,_complete_genome
3981	2410	 0.175	MN775499.1_MAG:_Torque_teno_midi_virus_isolate_SAfiA-124-84_ORF1_gene,_complete_cds
3982	2655	 0.175	MN778104.1_MAG:_Torque_teno_midi_virus_isolate_SAfiA-361-54_ORF1_gene,_complete_cds
3983	2546	 0.175	MN778529.1_MAG:_Torque_teno_midi_virus_isolate_SAfiA-414-59_ORF1_gene,_complete_cds
3984	2818	 0.174	MN770380.1_MAG:_TTV-like_mini_virus_isolate_SAfiA-565-36,_complete_genome
3985	2643	 0.174	MN779057.1_MAG:_Torque_teno_midi_virus_isolate_SAfiA-242-60_ORF1_gene,_complete_cds
3986	2599	 0.174	MN779023.1_MAG:_Torque_teno_midi_virus_isolate_SAfiA-43-15_ORF1_gene,_complete_cds
3987	2551	 0.174	MN779920.1_MAG:_Torque_teno_midi_virus_isolate_SAfiA-275-112_ORF1_gene,_complete_cds
3988	2560	 0.173	MN776678.1_MAG:_Torque_teno_midi_virus_isolate_SAfiA-593-58_ORF1_gene,_complete_cds
3989	2914	 0.173	MN768609.1_MAG:_Torque_teno_mini_virus_isolate_SAfiA-680-10,_complete_ORF1
3990	2485	 0.173	MN775487.1_MAG:_Torque_teno_midi_virus_isolate_SAfiA-644-60_ORF1_gene,_complete_cds
3991	2908	 0.173	MN771081.1_MAG:_TTV-like_mini_virus_isolate_SAfiA-119-8,_complete_genome
3992	2497	 0.173	MN779939.1_MAG:_Torque_teno_midi_virus_isolate_SAfiA-478-74_ORF1_gene,_complete_cds
3993	2482	 0.173	MN779538.1_MAG:_Torque_teno_midi_virus_isolate_SAfiA-346-178_ORF1_gene,_complete_cds
3994	2674	 0.173	MN779205.1_MAG:_Torque_teno_midi_virus_isolate_SAfiA-604-23_ORF1_gene,_complete_cds
3995	2511	 0.173	MN775942.1_MAG:_Torque_teno_midi_virus_isolate_SAfiA-611-295_ORF1_gene,_complete_cds
3996	2859	 0.173	MN770695.1_MAG:_TTV-like_mini_virus_isolate_SAfiA-583-13,_complete_genome
3997	2904	 0.173	MN769349.1_MAG:_TTV-like_mini_virus_isolate_SAfiA-401-16,_complete_genome
3998	2523	 0.173	MN777866.1_MAG:_Torque_teno_midi_virus_isolate_SAfiA-651-69_ORF1_gene,_complete_cds
3999	2742	 0.173	MN775734.1_MAG:_Torque_teno_midi_virus_isolate_SAfiA-898-8_ORF1_gene,_complete_cds
4000	2896	 0.172	MN769220.1_MAG:_TTV-like_mini_virus_isolate_SAfiA-345-10,_complete_genome
4001	2480	 0.172	MN779949.1_MAG:_Torque_teno_midi_virus_isolate_SAfiA-604-63_ORF1_gene,_complete_cds
4002	2538	 0.172	MN778564.1_MAG:_Torque_teno_midi_virus_isolate_SAfiA-60-19_ORF1_gene,_complete_cds
4003	2861	 0.172	MZ286112.1_Anelloviridae_sp._isolate_SP36_C5,_complete_genome
4004	2594	 0.172	MN776548.1_MAG:_Torque_teno_midi_virus_isolate_SAfiA-562-19_ORF1_gene,_complete_cds
4005	2706	 0.172	MN768918.1_MAG:_Torque_teno_mini_virus_isolate_SAfiA-254-47,_complete_ORF1
4006	2590	 0.172	MN777296.1_MAG:_Torque_teno_midi_virus_isolate_SAfiA-478-58_ORF1_gene,_complete_cds
4007	2887	 0.172	MN770244.1_MAG:_TTV-like_mini_virus_isolate_SAfiA-230-12,_complete_genome
4008	2906	 0.172	MZ286239.1_Anelloviridae_sp._isolate_SP14_C3,_complete_genome
4009	2834	 0.172	MN776994.1_MAG:_Torque_teno_midi_virus_isolate_SAfiA-277-49_ORF1_gene,_complete_cds
4010	2860	 0.172	MN769501.1_MAG:_TTV-like_mini_virus_isolate_SAfiA-566-24,_complete_genome
4011	2652	 0.172	MN775742.1_MAG:_Torque_teno_midi_virus_isolate_SAfiA-265-27_ORF1_gene,_complete_cds
4012	2887	 0.172	MN769617.1_MAG:_TTV-like_mini_virus_isolate_SAfiA-615-657,_complete_genome
4013	2406	 0.172	MN779017.1_MAG:_Torque_teno_midi_virus_isolate_SAfiA-249-13_ORF1_gene,_complete_cds
4014	2857	 0.172	MN769831.1_MAG:_TTV-like_mini_virus_isolate_SAfiA-99-23,_complete_genome
4015	2757	 0.172	MN780108.1_MAG:_Torque_teno_midi_virus_isolate_SAfiA-628-42_ORF1_gene,_complete_cds
4016	2865	 0.172	MN771511.1_MAG:_TTV-like_mini_virus_isolate_SAfiA-88-20,_complete_genome
4017	2617	 0.171	MN779804.1_MAG:_Torque_teno_midi_virus_isolate_SAfiA-127-26_ORF1_gene,_complete_cds
4018	2716	 0.171	MN768582.1_MAG:_Torque_teno_mini_virus_isolate_SAfiA-659-24,_complete_ORF1
4019	2662	 0.171	MN780393.1_MAG:_Torque_teno_midi_virus_isolate_SAfiA-697-5_ORF1_gene,_complete_cds
4020	2574	 0.171	MN768893.1_MAG:_Torque_teno_mini_virus_isolate_SAfiA-242-86,_complete_ORF1
4021	2807	 0.171	MN771422.1_MAG:_TTV-like_mini_virus_isolate_SAfiA-37-10,_complete_genome
4022	2602	 0.171	MN775160.1_MAG:_Torque_teno_midi_virus_isolate_SAfiA-49-29_ORF1_gene,_complete_cds
4023	2431	 0.171	MN777325.1_MAG:_Torque_teno_midi_virus_isolate_SAfiA-569-116_ORF1_gene,_complete_cds
4024	2530	 0.171	MN776740.1_MAG:_Torque_teno_midi_virus_isolate_SAfiA-33-58_ORF1_gene,_complete_cds
4025	2865	 0.171	MN768702.1_MAG:_Torque_teno_mini_virus_isolate_SAfiA-817-5,_complete_ORF1
4026	2850	 0.171	MN769063.1_MAG:_TTV-like_mini_virus_isolate_SAfiA-122-14,_complete_genome
4027	2865	 0.171	MN769450.1_MAG:_TTV-like_mini_virus_isolate_SAfiA-512-11,_complete_genome
4028	2856	 0.171	MN769352.1_MAG:_TTV-like_mini_virus_isolate_SAfiA-402-18,_complete_genome
4029	2577	 0.171	MN778119.1_MAG:_Torque_teno_midi_virus_isolate_SAfiA-385-18_ORF1_gene,_complete_cds
4030	2873	 0.171	MN770825.1_MAG:_TTV-like_mini_virus_isolate_SAfiA-498-9,_complete_genome
4031	2516	 0.171	MN775988.1_MAG:_Torque_teno_midi_virus_isolate_SAfiA-333-46_ORF1_gene,_complete_cds
4032	2926	 0.171	MN770815.1_MAG:_TTV-like_mini_virus_isolate_SAfiA-35-20,_complete_genome
4033	2414	 0.170	MN777727.1_MAG:_Torque_teno_midi_virus_isolate_SAfiA-11-88_ORF1_gene,_complete_cds
4034	3000	 0.170	MN780380.1_MAG:_Torque_teno_midi_virus_isolate_SAfiA-597-4_ORF1_gene,_complete_cds
4035	2523	 0.170	MN780331.1_MAG:_Torque_teno_midi_virus_isolate_SAfiA-810-102_ORF1_gene,_complete_cds
4036	2694	 0.170	MN779135.1_MAG:_Torque_teno_midi_virus_isolate_SAfiA-31-32_ORF1_gene,_complete_cds
4037	2848	 0.170	MN770122.1_MAG:_TTV-like_mini_virus_isolate_SAfiA-88-26,_complete_genome
4038	2847	 0.170	MN779298.1_MAG:_Torque_teno_midi_virus_isolate_SAfiA-435-9_ORF1_gene,_complete_cds
4039	2975	 0.170	MN769162.1_MAG:_TTV-like_mini_virus_isolate_SAfiA-301-6,_complete_genome
4040	2906	 0.170	MN769636.1_MAG:_TTV-like_mini_virus_isolate_SAfiA-632-1,_complete_genome
4041	2640	 0.170	MN775736.1_MAG:_Torque_teno_midi_virus_isolate_SAfiA-9-10_ORF1_gene,_complete_cds
4042	2902	 0.170	MN771297.1_MAG:_TTV-like_mini_virus_isolate_SAfiA-803-9,_complete_genome
4043	2455	 0.170	MN775412.1_MAG:_Torque_teno_midi_virus_isolate_SAfiA-313A-84_ORF1_gene,_complete_cds
4044	2898	 0.170	MN771225.1_MAG:_TTV-like_mini_virus_isolate_SAfiA-275-26,_complete_genome
4045	2758	 0.169	MN768970.1_MAG:_Torque_teno_mini_virus_isolate_SAfiA-299A-17,_complete_ORF1
4046	2809	 0.169	MN770132.1_MAG:_TTV-like_mini_virus_isolate_SAfiA-275-31,_complete_genome
4047	2743	 0.169	MN776588.1_MAG:_Torque_teno_midi_virus_isolate_SAfiA-113-28_ORF1_gene,_complete_cds
4048	2711	 0.169	MN778991.1_MAG:_Torque_teno_midi_virus_isolate_SAfiA-402-45_ORF1_gene,_complete_cds
4049	2442	 0.169	MN778389.1_MAG:_Torque_teno_midi_virus_isolate_SAfiA-353-143_ORF1_gene,_complete_cds
4050	2497	 0.169	MN778770.1_MAG:_Torque_teno_midi_virus_isolate_SAfiA-504-23_ORF1_gene,_complete_cds
4051	2373	 0.169	MN777468.1_MAG:_Torque_teno_midi_virus_isolate_SAfiA-684-39_ORF1_gene,_complete_cds
4052	2568	 0.169	MN775258.1_MAG:_Torque_teno_midi_virus_isolate_SAfiA-520-33_ORF1_gene,_complete_cds
4053	2812	 0.169	MN771314.1_MAG:_TTV-like_mini_virus_isolate_SAfiA-561-7,_complete_genome
4054	2638	 0.169	MN777810.1_MAG:_Torque_teno_midi_virus_isolate_SAfiA-426-5_ORF1_gene,_complete_cds
4055	2932	 0.169	MN778860.1_MAG:_Torque_teno_midi_virus_isolate_SAfiA-774-170_ORF1_gene,_complete_cds
4056	2542	 0.169	MN777980.1_MAG:_Torque_teno_midi_virus_isolate_SAfiA-245-41_ORF1_gene,_complete_cds
4057	2588	 0.169	MN779076.1_MAG:_Torque_teno_midi_virus_isolate_SAfiA-599-16_ORF1_gene,_complete_cds
4058	2337	 0.168	MN775415.1_MAG:_Torque_teno_midi_virus_isolate_SAfiA-350-87_ORF1_gene,_complete_cds
4059	2495	 0.168	MN776979.1_MAG:_Torque_teno_midi_virus_isolate_SAfiA-331-60_ORF1_gene,_complete_cds
4060	2725	 0.168	MN780150.1_MAG:_Torque_teno_midi_virus_isolate_SAfiA-102-65_ORF1_gene,_complete_cds
4061	2913	 0.168	MN771253.1_MAG:_TTV-like_mini_virus_isolate_SAfiA-475-9,_complete_genome
4062	2483	 0.168	MN775104.1_MAG:_Torque_teno_midi_virus_isolate_SAfiA-478-75_ORF1_gene,_complete_cds
4063	2635	 0.168	MN775507.1_MAG:_Torque_teno_midi_virus_isolate_SAfiA-306B-56_ORF1_gene,_complete_cds
4064	2837	 0.168	MN768985.1_MAG:_Torque_teno_mini_virus_isolate_SAfiA-306A-36,_complete_ORF1
4065	2917	 0.168	MN769739.1_MAG:_TTV-like_mini_virus_isolate_SAfiA-797-28,_complete_genome
4066	2475	 0.168	MN776093.1_MAG:_Torque_teno_midi_virus_isolate_SAfiA-770-12_ORF1_gene,_complete_cds
4067	3040	 0.168	MN769985.1_MAG:_TTV-like_mini_virus_isolate_SAfiA-616-5,_complete_genome
4068	2488	 0.168	MN776608.1_MAG:_Torque_teno_midi_virus_isolate_SAfiA-261-7_ORF1_gene,_complete_cds
4069	2640	 0.168	MN778719.1_MAG:_Torque_teno_midi_virus_isolate_SAfiA-369-50_ORF1_gene,_complete_cds
4070	2916	 0.167	MN770285.1_MAG:_TTV-like_mini_virus_isolate_SAfiA-125-14,_complete_genome
4071	2961	 0.167	MN774972.1_MAG:_Torque_teno_midi_virus_isolate_SAfiA-114-8,_complete_genome
4072	2374	 0.167	MN775606.1_MAG:_Torque_teno_midi_virus_isolate_SAfiA-542-61_ORF1_gene,_complete_cds
4073	2652	 0.167	MN775753.1_MAG:_Torque_teno_midi_virus_isolate_SAfiA-373-23_ORF1_gene,_complete_cds
4074	2505	 0.167	MN776741.1_MAG:_Torque_teno_midi_virus_isolate_SAfiA-365-58_ORF1_gene,_complete_cds
4075	2639	 0.167	MN768713.1_MAG:_Torque_teno_mini_virus_isolate_SAfiA-833-23,_complete_ORF1
4076	2609	 0.167	MN776263.1_MAG:_Torque_teno_midi_virus_isolate_SAfiA-360-42_ORF1_gene,_complete_cds
4077	2988	 0.167	MN770539.1_MAG:_TTV-like_mini_virus_isolate_SAfiA-327-8,_complete_genome
4078	2635	 0.167	MN778204.1_MAG:_Torque_teno_midi_virus_isolate_SAfiA-352-36_ORF1_gene,_complete_cds
4079	2909	 0.167	MN769890.1_MAG:_TTV-like_mini_virus_isolate_SAfiA-297-96,_complete_genome
4080	2556	 0.167	MN776489.1_MAG:_Torque_teno_midi_virus_isolate_SAfiA-858-143_ORF1_gene,_complete_cds
4081	2897	 0.167	MN771243.1_MAG:_TTV-like_mini_virus_isolate_SAfiA-388-76,_complete_genome
4082	2971	 0.167	MN770756.1_MAG:_TTV-like_mini_virus_isolate_SAfiA-71-16,_complete_genome
4083	2706	 0.167	MN779612.1_MAG:_Torque_teno_midi_virus_isolate_SAfiA-254-48_ORF1_gene,_complete_cds
4084	2442	 0.167	MN775888.1_MAG:_Torque_teno_midi_virus_isolate_SAfiA-127-48_ORF1_gene,_complete_cds
4085	2471	 0.167	MN777639.1_MAG:_Torque_teno_midi_virus_isolate_SAfiA-590-187_ORF1_gene,_complete_cds
4086	2546	 0.167	MN777959.1_MAG:_Torque_teno_midi_virus_isolate_SAfiA-76-9_ORF1_gene,_complete_cds
4087	2884	 0.167	MN770607.1_MAG:_TTV-like_mini_virus_isolate_SAfiA-388-59,_complete_genome
4088	2851	 0.166	MN768774.1_MAG:_Torque_teno_mini_virus_isolate_SAfiA-91-28,_complete_ORF1
4089	2727	 0.166	MN776611.1_MAG:_Torque_teno_midi_virus_isolate_SAfiA-275-82_ORF1_gene,_complete_cds
4090	2906	 0.166	MN769551.1_MAG:_TTV-like_mini_virus_isolate_SAfiA-583-11,_complete_genome
4091	2972	 0.166	MZ286004.1_Anelloviridae_sp._isolate_SP10_C3,_complete_genome
4092	2905	 0.166	MN769325.1_MAG:_TTV-like_mini_virus_isolate_SAfiA-388-63,_complete_genome
4093	2457	 0.166	MN777330.1_MAG:_Torque_teno_midi_virus_isolate_SAfiA-656-33_ORF1_gene,_complete_cds
4094	2923	 0.166	MN769282.1_MAG:_TTV-like_mini_virus_isolate_SAfiA-365-11,_complete_genome
4095	2484	 0.166	MN777825.1_MAG:_Torque_teno_midi_virus_isolate_SAfiA-507-13_ORF1_gene,_complete_cds
4096	2808	 0.166	MN769530.1_MAG:_TTV-like_mini_virus_isolate_SAfiA-574-13,_complete_genome
4097	2259	 0.166	MN777528.1_MAG:_Torque_teno_midi_virus_isolate_SAfiA-321-19_ORF1_gene,_complete_cds
4098	2504	 0.166	MN776191.1_MAG:_Torque_teno_midi_virus_isolate_SAfiA-414-67_ORF1_gene,_complete_cds
4099	2827	 0.166	MN769309.1_MAG:_TTV-like_mini_virus_isolate_SAfiA-38-10,_complete_genome
4100	2573	 0.166	MN768837.1_MAG:_Torque_teno_mini_virus_isolate_SAfiA-794-6,_complete_ORF1
4101	2706	 0.166	MN779662.1_MAG:_Torque_teno_midi_virus_isolate_SAfiA-380-104_ORF1_gene,_complete_cds
4102	2974	 0.166	MN769668.1_MAG:_TTV-like_mini_virus_isolate_SAfiA-667-4,_complete_genome
4103	2971	 0.166	MN769321.1_MAG:_TTV-like_mini_virus_isolate_SAfiA-388-30,_complete_genome
4104	2680	 0.166	MN768838.1_MAG:_Torque_teno_mini_virus_isolate_SAfiA-799-4,_complete_ORF1
4105	2789	 0.165	MN769800.1_MAG:_TTV-like_mini_virus_isolate_SAfiA-87-48,_complete_genome
4106	2914	 0.165	MN769312.1_MAG:_TTV-like_mini_virus_isolate_SAfiA-385-7,_complete_genome
4107	2906	 0.165	MN769758.1_MAG:_TTV-like_mini_virus_isolate_SAfiA-833-12,_complete_genome
4108	2735	 0.165	MN779681.1_MAG:_Torque_teno_midi_virus_isolate_SAfiA-452-8_ORF1_gene,_complete_cds
4109	2320	 0.165	MN777133.1_MAG:_Torque_teno_midi_virus_isolate_SAfiA-780-43_ORF1_gene,_complete_cds
4110	2550	 0.165	MN779637.1_MAG:_Torque_teno_midi_virus_isolate_SAfiA-331-53_ORF1_gene,_complete_cds
4111	2878	 0.165	MN776015.1_MAG:_Torque_teno_midi_virus_isolate_SAfiA-54-0_ORF1_gene,_complete_cds
4112	2937	 0.165	MN770536.1_MAG:_TTV-like_mini_virus_isolate_SAfiA-326-6,_complete_genome
4113	2482	 0.165	MN780047.1_MAG:_Torque_teno_midi_virus_isolate_SAfiA-578-80_ORF1_gene,_complete_cds
4114	2502	 0.165	MN776567.1_MAG:_Torque_teno_midi_virus_isolate_SAfiA-656-25_ORF1_gene,_complete_cds
4115	2619	 0.165	MN778297.1_MAG:_Torque_teno_midi_virus_isolate_SAfiA-625-33_ORF1_gene,_complete_cds
4116	2634	 0.165	MN777641.1_MAG:_Torque_teno_midi_virus_isolate_SAfiA-598-13_ORF1_gene,_complete_cds
4117	2871	 0.165	MN770598.1_MAG:_TTV-like_mini_virus_isolate_SAfiA-388-132,_complete_genome
4118	2808	 0.164	MN769799.1_MAG:_TTV-like_mini_virus_isolate_SAfiA-874-57,_complete_genome
4119	2495	 0.164	MN776169.1_MAG:_Torque_teno_midi_virus_isolate_SAfiA-319-89_ORF1_gene,_complete_cds
4120	2843	 0.164	MN776116.1_MAG:_Torque_teno_midi_virus_isolate_SAfiA-314-31_ORF1_gene,_complete_cds
4121	2997	 0.164	MN774970.1_MAG:_Torque_teno_midi_virus_isolate_SAfiA-584-6,_complete_genome
4122	2659	 0.164	MN778381.1_MAG:_Torque_teno_midi_virus_isolate_SAfiA-33-34_ORF1_gene,_complete_cds
4123	2627	 0.164	MN778608.1_MAG:_Torque_teno_midi_virus_isolate_SAfiA-802-7_ORF1_gene,_complete_cds
4124	2598	 0.164	MN779441.1_MAG:_Torque_teno_midi_virus_isolate_SAfiA-485-47_ORF1_gene,_complete_cds
4125	2902	 0.164	MN774962.1_MAG:_Torque_teno_midi_virus_isolate_SAfiA-50-20,_complete_genome
4126	2877	 0.164	MN768586.1_MAG:_Torque_teno_mini_virus_isolate_SAfiA-666-16,_complete_ORF1
4127	2610	 0.164	MN777785.1_MAG:_Torque_teno_midi_virus_isolate_SAfiA-359-31_ORF1_gene,_complete_cds
4128	2826	 0.164	MN769222.1_MAG:_TTV-like_mini_virus_isolate_SAfiA-345-15,_complete_genome
4129	2730	 0.164	MN768688.1_MAG:_Torque_teno_mini_virus_isolate_SAfiA-789-19,_complete_ORF1
4130	2666	 0.164	MN779687.1_MAG:_Torque_teno_midi_virus_isolate_SAfiA-469-15_ORF1_gene,_complete_cds
4131	2604	 0.164	MN780247.1_MAG:_Torque_teno_midi_virus_isolate_SAfiA-478-52_ORF1_gene,_complete_cds
4132	2520	 0.163	MN778020.1_MAG:_Torque_teno_midi_virus_isolate_SAfiA-426-8_ORF1_gene,_complete_cds
4133	2562	 0.163	MN778622.1_MAG:_Torque_teno_midi_virus_isolate_SAfiA-10-31_ORF1_gene,_complete_cds
4134	2498	 0.163	MN779342.1_MAG:_Torque_teno_midi_virus_isolate_SAfiA-124-82_ORF1_gene,_complete_cds
4135	2663	 0.163	MN768822.1_MAG:_Torque_teno_mini_virus_isolate_SAfiA-388-2,_complete_ORF1
4136	2658	 0.163	MN778690.1_MAG:_Torque_teno_midi_virus_isolate_SAfiA-334-44_ORF1_gene,_complete_cds
4137	2906	 0.163	MN769435.1_MAG:_TTV-like_mini_virus_isolate_SAfiA-500-36,_complete_genome
4138	2841	 0.163	MN770980.1_MAG:_TTV-like_mini_virus_isolate_SAfiA-334-21,_complete_genome
4139	2493	 0.163	MN779809.1_MAG:_Torque_teno_midi_virus_isolate_SAfiA-242-123_ORF1_gene,_complete_cds
4140	2690	 0.163	MN779568.1_MAG:_Torque_teno_midi_virus_isolate_SAfiA-614-15_ORF1_gene,_complete_cds
4141	2836	 0.163	MN768968.1_MAG:_Torque_teno_mini_virus_isolate_SAfiA-298-18,_complete_ORF1
4142	2632	 0.163	MN779201.1_MAG:_Torque_teno_midi_virus_isolate_SAfiA-593-37_ORF1_gene,_complete_cds
4143	2664	 0.163	MN776209.1_MAG:_Torque_teno_midi_virus_isolate_SAfiA-577-152_ORF1_gene,_complete_cds
4144	2884	 0.163	MN769354.1_MAG:_TTV-like_mini_virus_isolate_SAfiA-402-22,_complete_genome
4145	2524	 0.163	MN777606.1_MAG:_Torque_teno_midi_virus_isolate_SAfiA-535-24_ORF1_gene,_complete_cds
4146	2387	 0.163	MN779524.1_MAG:_Torque_teno_midi_virus_isolate_SAfiA-102-118_ORF1_gene,_complete_cds
4147	2478	 0.163	MN777734.1_MAG:_Torque_teno_midi_virus_isolate_SAfiA-123-73_ORF1_gene,_complete_cds
4148	2879	 0.163	MZ286244.1_Anelloviridae_sp._isolate_SP16_C11,_complete_genome
4149	2915	 0.163	MN771115.1_MAG:_TTV-like_mini_virus_isolate_SAfiA-410-4,_complete_genome
4150	2340	 0.163	MN775150.1_MAG:_Torque_teno_midi_virus_isolate_SAfiA-355-26_ORF1_gene,_complete_cds
4151	2509	 0.162	MN777527.1_MAG:_Torque_teno_midi_virus_isolate_SAfiA-319-83_ORF1_gene,_complete_cds
4152	2584	 0.162	MN768692.1_MAG:_Torque_teno_mini_virus_isolate_SAfiA-799-5,_complete_ORF1
4153	2568	 0.162	MN776448.1_MAG:_Torque_teno_midi_virus_isolate_SAfiA-386-22_ORF1_gene,_complete_cds
4154	2898	 0.162	MN770182.1_MAG:_TTV-like_mini_virus_isolate_SAfiA-319-13,_complete_genome
4155	2845	 0.162	MN770742.1_MAG:_TTV-like_mini_virus_isolate_SAfiA-676-24,_complete_genome
4156	2804	 0.162	MN770431.1_MAG:_TTV-like_mini_virus_isolate_SAfiA-301-14,_complete_genome
4157	2706	 0.162	MN776538.1_MAG:_Torque_teno_midi_virus_isolate_SAfiA-476-13_ORF1_gene,_complete_cds
4158	2507	 0.162	MN776658.1_MAG:_Torque_teno_midi_virus_isolate_SAfiA-520-37_ORF1_gene,_complete_cds
4159	2608	 0.162	MN776967.1_MAG:_Torque_teno_midi_virus_isolate_SAfiA-830-4_ORF1_gene,_complete_cds
4160	2593	 0.162	MN768981.1_MAG:_Torque_teno_mini_virus_isolate_SAfiA-302-22,_complete_ORF1
4161	2823	 0.162	MN769486.1_MAG:_TTV-like_mini_virus_isolate_SAfiA-552-44,_complete_genome
4162	2634	 0.162	MN780085.1_MAG:_Torque_teno_midi_virus_isolate_SAfiA-583-30_ORF1_gene,_complete_cds
4163	2641	 0.162	MN768753.1_MAG:_Torque_teno_mini_virus_isolate_SAfiA-87-74,_complete_ORF1
4164	2880	 0.162	MN769529.1_MAG:_TTV-like_mini_virus_isolate_SAfiA-574-12,_complete_genome
4165	2956	 0.162	MN771405.1_MAG:_TTV-like_mini_virus_isolate_SAfiA-300-15,_complete_genome
4166	2814	 0.162	MN769816.1_MAG:_TTV-like_mini_virus_isolate_SAfiA-896-3,_complete_genome
4167	2846	 0.161	MN769525.1_MAG:_TTV-like_mini_virus_isolate_SAfiA-57-34,_complete_genome
4168	2821	 0.161	MN769696.1_MAG:_TTV-like_mini_virus_isolate_SAfiA-691-8,_complete_genome
4169	2726	 0.161	MN777006.1_MAG:_Torque_teno_midi_virus_isolate_SAfiA-350-48_ORF1_gene,_complete_cds
4170	2504	 0.161	MN779994.1_MAG:_Torque_teno_midi_virus_isolate_SAfiA-569-110_ORF1_gene,_complete_cds
4171	2721	 0.161	MN780066.1_MAG:_Torque_teno_midi_virus_isolate_SAfiA-868-27_ORF1_gene,_complete_cds
4172	2649	 0.161	MN768593.1_MAG:_Torque_teno_mini_virus_isolate_SAfiA-668-4,_complete_ORF1
4173	2899	 0.161	MN771310.1_MAG:_TTV-like_mini_virus_isolate_SAfiA-865-115,_complete_genome
4174	2643	 0.161	MN778828.1_MAG:_Torque_teno_midi_virus_isolate_SAfiA-644-26_ORF1_gene,_complete_cds
4175	2671	 0.161	MN777187.1_MAG:_Torque_teno_midi_virus_isolate_SAfiA-123-39_ORF1_gene,_complete_cds
4176	2814	 0.161	MN770440.1_MAG:_TTV-like_mini_virus_isolate_SAfiA-285B-2,_complete_genome
4177	2538	 0.161	MN778144.1_MAG:_Torque_teno_midi_virus_isolate_SAfiA-667-36_ORF1_gene,_complete_cds
4178	2852	 0.160	MN771021.1_MAG:_TTV-like_mini_virus_isolate_SAfiA-827-4,_complete_genome
4179	2917	 0.160	MN771514.1_MAG:_TTV-like_mini_virus_isolate_SAfiA-388-83,_complete_genome
4180	2473	 0.160	MN775350.1_MAG:_Torque_teno_midi_virus_isolate_SAfiA-35-165_ORF1_gene,_complete_cds
4181	2553	 0.160	MN777479.1_MAG:_Torque_teno_midi_virus_isolate_SAfiA-877-1_ORF1_gene,_complete_cds
4182	2471	 0.160	MN780022.1_MAG:_Torque_teno_midi_virus_isolate_SAfiA-319-94_ORF1_gene,_complete_cds
4183	2452	 0.160	MN777259.1_MAG:_Torque_teno_midi_virus_isolate_SAfiA-587-324_ORF1_gene,_complete_cds
4184	2929	 0.160	MN769884.1_MAG:_TTV-like_mini_virus_isolate_SAfiA-275-33,_complete_genome
4185	2431	 0.160	MN768823.1_MAG:_Torque_teno_mini_virus_isolate_SAfiA-577-22,_complete_ORF1
4186	2855	 0.160	MN770524.1_MAG:_TTV-like_mini_virus_isolate_SAfiA-309-26,_complete_genome
4187	2640	 0.160	MN776491.1_MAG:_Torque_teno_midi_virus_isolate_SAfiA-94-53_ORF1_gene,_complete_cds
4188	2891	 0.160	MN771503.1_MAG:_TTV-like_mini_virus_isolate_SAfiA-789-7,_complete_genome
4189	2970	 0.159	MN776758.1_MAG:_Torque_teno_midi_virus_isolate_SAfiA-98-19_ORF1_gene,_complete_cds
4190	2680	 0.159	MN778633.1_MAG:_Torque_teno_midi_virus_isolate_SAfiA-120-16_ORF1_gene,_complete_cds
4191	2608	 0.159	MN776388.1_MAG:_Torque_teno_midi_virus_isolate_SAfiA-868-39_ORF1_gene,_complete_cds
4192	2840	 0.159	MN770805.1_MAG:_TTV-like_mini_virus_isolate_SAfiA-124-34,_complete_genome
4193	2555	 0.159	MN779217.1_MAG:_Torque_teno_midi_virus_isolate_SAfiA-656-26_ORF1_gene,_complete_cds
4194	2524	 0.159	MN776784.1_MAG:_Torque_teno_midi_virus_isolate_SAfiA-319-74_ORF1_gene,_complete_cds
4195	2439	 0.159	MN777056.1_MAG:_Torque_teno_midi_virus_isolate_SAfiA-523-45_ORF1_gene,_complete_cds
4196	2821	 0.159	MZ286259.1_Anelloviridae_sp._isolate_SP34_C1,_complete_genome
4197	2900	 0.159	MN771508.1_MAG:_TTV-like_mini_virus_isolate_SAfiA-859-14,_complete_genome
4198	2602	 0.159	MN776071.1_MAG:_Torque_teno_midi_virus_isolate_SAfiA-388-262_ORF1_gene,_complete_cds
4199	2873	 0.159	MN770978.1_MAG:_TTV-like_mini_virus_isolate_SAfiA-330-11,_complete_genome
4200	2932	 0.159	MN769690.1_MAG:_TTV-like_mini_virus_isolate_SAfiA-685-13,_complete_genome
4201	2518	 0.159	MN778430.1_MAG:_Torque_teno_midi_virus_isolate_SAfiA-594-119_ORF1_gene,_complete_cds
4202	2852	 0.159	MN769521.1_MAG:_TTV-like_mini_virus_isolate_SAfiA-57-33,_complete_genome
4203	2547	 0.159	MN777501.1_MAG:_Torque_teno_midi_virus_isolate_SAfiA-242-100_ORF1_gene,_complete_cds
4204	2623	 0.159	MN776697.1_MAG:_Torque_teno_midi_virus_isolate_SAfiA-642-61_ORF1_gene,_complete_cds
4205	2961	 0.158	MN769847.1_MAG:_TTV-like_mini_virus_isolate_SAfiA-521-8,_complete_genome
4206	2925	 0.158	MN770781.1_MAG:_TTV-like_mini_virus_isolate_SAfiA-842-5,_complete_genome
4207	2330	 0.158	MN775472.1_MAG:_Torque_teno_midi_virus_isolate_SAfiA-393-70_ORF1_gene,_complete_cds
4208	2473	 0.158	MN778033.1_MAG:_Torque_teno_midi_virus_isolate_SAfiA-567-38_ORF1_gene,_complete_cds
4209	2482	 0.158	MN778197.1_MAG:_Torque_teno_midi_virus_isolate_SAfiA-346-177_ORF1_gene,_complete_cds
4210	2483	 0.158	MN780174.1_MAG:_Torque_teno_midi_virus_isolate_SAfiA-254-133_ORF1_gene,_complete_cds
4211	2402	 0.158	MN777057.1_MAG:_Torque_teno_midi_virus_isolate_SAfiA-523-46_ORF1_gene,_complete_cds
4212	2962	 0.158	MN770623.1_MAG:_TTV-like_mini_virus_isolate_SAfiA-402-6,_complete_genome
4213	2889	 0.158	MN770790.1_MAG:_TTV-like_mini_virus_isolate_SAfiA-866-417,_complete_genome
4214	2799	 0.157	MN771051.1_MAG:_TTV-like_mini_virus_isolate_SAfiA-247-27,_complete_genome
4215	2851	 0.157	MN769286.1_MAG:_TTV-like_mini_virus_isolate_SAfiA-367-31,_complete_genome
4216	7185	 0.157	LC699415.1_Rhinovirus_A24_Fukushima_H287_2018_genomic_RNA,_complete_genome
4217	2825	 0.157	MN769156.1_MAG:_TTV-like_mini_virus_isolate_SAfiA-279-8,_complete_genome
4218	2595	 0.157	MN776079.1_MAG:_Torque_teno_midi_virus_isolate_SAfiA-569-67_ORF1_gene,_complete_cds
4219	2534	 0.157	MN776235.1_MAG:_Torque_teno_midi_virus_isolate_SAfiA-659-30_ORF1_gene,_complete_cds
4220	2750	 0.157	MN769783.1_MAG:_TTV-like_mini_virus_isolate_SAfiA-867-533,_complete_genome
4221	2659	 0.157	MN775489.1_MAG:_Torque_teno_midi_virus_isolate_SAfiA-666-27_ORF1_gene,_complete_cds
4222	2598	 0.157	MN777376.1_MAG:_Torque_teno_midi_virus_isolate_SAfiA-342-34_ORF1_gene,_complete_cds
4223	2678	 0.157	MN779784.1_MAG:_Torque_teno_midi_virus_isolate_SAfiA-833-22_ORF1_gene,_complete_cds
4224	2516	 0.157	MN777781.1_MAG:_Torque_teno_midi_virus_isolate_SAfiA-35-157_ORF1_gene,_complete_cds
4225	2962	 0.157	MN771064.1_MAG:_TTV-like_mini_virus_isolate_SAfiA-423-6,_complete_genome
4226	2883	 0.157	MN771431.1_MAG:_TTV-like_mini_virus_isolate_SAfiA-401-20,_complete_genome
4227	2658	 0.157	MN776841.1_MAG:_Torque_teno_midi_virus_isolate_SAfiA-587-186_ORF1_gene,_complete_cds
4228	2482	 0.156	MN777815.1_MAG:_Torque_teno_midi_virus_isolate_SAfiA-472-5_ORF1_gene,_complete_cds
4229	2518	 0.156	MN777569.1_MAG:_Torque_teno_midi_virus_isolate_SAfiA-39-33_ORF1_gene,_complete_cds
4230	2530	 0.156	MN775949.1_MAG:_Torque_teno_midi_virus_isolate_SAfiA-87-108_ORF1_gene,_complete_cds
4231	2507	 0.156	MN776914.1_MAG:_Torque_teno_midi_virus_isolate_SAfiA-666-39_ORF1_gene,_complete_cds
4232	2804	 0.156	MN770811.1_MAG:_TTV-like_mini_virus_isolate_SAfiA-325-26,_complete_genome
4233	2884	 0.156	MN768623.1_MAG:_Torque_teno_mini_virus_isolate_SAfiA-691-3,_complete_ORF1
4234	2606	 0.156	MN768579.1_MAG:_Torque_teno_mini_virus_isolate_SAfiA-658-24,_complete_ORF1
4235	2489	 0.156	MN777803.1_MAG:_Torque_teno_midi_virus_isolate_SAfiA-39-43_ORF1_gene,_complete_cds
4236	2277	 0.156	MN777245.1_MAG:_Torque_teno_midi_virus_isolate_SAfiA-365-64_ORF1_gene,_complete_cds
4237	2923	 0.156	MN769634.1_MAG:_TTV-like_mini_virus_isolate_SAfiA-630A-22,_complete_genome
4238	2841	 0.156	MN770219.1_MAG:_TTV-like_mini_virus_isolate_SAfiA-388-100,_complete_genome
4239	2477	 0.156	MN779851.1_MAG:_Torque_teno_midi_virus_isolate_SAfiA-570-19_ORF1_gene,_complete_cds
4240	2375	 0.156	MN776244.1_MAG:_Torque_teno_midi_virus_isolate_SAfiA-865-199_ORF1_gene,_complete_cds
4241	2505	 0.156	MN780305.1_MAG:_Torque_teno_midi_virus_isolate_SAfiA-61-53_ORF1_gene,_complete_cds
4242	2918	 0.155	MN769978.1_MAG:_TTV-like_mini_virus_isolate_SAfiA-595-15,_complete_genome
4243	2944	 0.155	MN770449.1_MAG:_TTV-like_mini_virus_isolate_SAfiA-106A-16,_complete_genome
4244	2622	 0.155	MN776140.1_MAG:_Torque_teno_midi_virus_isolate_SAfiA-229-14_ORF1_gene,_complete_cds
4245	2440	 0.155	MN777769.1_MAG:_Torque_teno_midi_virus_isolate_SAfiA-311-43_ORF1_gene,_complete_cds
4246	2537	 0.155	MN780315.1_MAG:_Torque_teno_midi_virus_isolate_SAfiA-644-50_ORF1_gene,_complete_cds
4247	2414	 0.155	MN776170.1_MAG:_Torque_teno_midi_virus_isolate_SAfiA-319-98_ORF1_gene,_complete_cds
4248	2921	 0.155	MN769558.1_MAG:_TTV-like_mini_virus_isolate_SAfiA-587-34,_complete_genome
4249	2941	 0.155	MN769691.1_MAG:_TTV-like_mini_virus_isolate_SAfiA-685-6,_complete_genome
4250	2565	 0.155	MN778771.1_MAG:_Torque_teno_midi_virus_isolate_SAfiA-51-43_ORF1_gene,_complete_cds
4251	2515	 0.155	MN776086.1_MAG:_Torque_teno_midi_virus_isolate_SAfiA-596-10_ORF1_gene,_complete_cds
4252	2988	 0.155	MN769549.1_MAG:_TTV-like_mini_virus_isolate_SAfiA-582-7,_complete_genome
4253	2546	 0.155	MN780152.1_MAG:_Torque_teno_midi_virus_isolate_SAfiA-106A-51_ORF1_gene,_complete_cds
4254	2899	 0.155	MN770583.1_MAG:_TTV-like_mini_virus_isolate_SAfiA-369-20,_complete_genome
4255	2498	 0.155	MN777726.1_MAG:_Torque_teno_midi_virus_isolate_SAfiA-11-83_ORF1_gene,_complete_cds
4256	3078	 0.155	MN775845.1_MAG:_Torque_teno_midi_virus_isolate_SAfiA-386-6_ORF1_gene,_complete_cds
4257	2906	 0.155	MN769428.1_MAG:_TTV-like_mini_virus_isolate_SAfiA-491-14,_complete_genome
4258	2598	 0.155	MN779495.1_MAG:_Torque_teno_midi_virus_isolate_SAfiA-353-99_ORF1_gene,_complete_cds
4259	2860	 0.155	MN768746.1_MAG:_Torque_teno_mini_virus_isolate_SAfiA-873-41,_complete_ORF1
4260	2849	 0.155	MN769347.1_MAG:_TTV-like_mini_virus_isolate_SAfiA-400-8,_complete_genome
4261	2865	 0.155	MN769339.1_MAG:_TTV-like_mini_virus_isolate_SAfiA-394-10,_complete_genome
4262	2805	 0.155	MN770455.1_MAG:_TTV-like_mini_virus_isolate_SAfiA-11-33,_complete_genome
4263	2470	 0.155	MN779577.1_MAG:_Torque_teno_midi_virus_isolate_SAfiA-866-527_ORF1_gene,_complete_cds
4264	2634	 0.155	MN777691.1_MAG:_Torque_teno_midi_virus_isolate_SAfiA-88-55_ORF1_gene,_complete_cds
4265	2779	 0.155	MN779282.1_MAG:_Torque_teno_midi_virus_isolate_SAfiA-242-39_ORF1_gene,_complete_cds
4266	2505	 0.154	MN776481.1_MAG:_Torque_teno_midi_virus_isolate_SAfiA-667-38_ORF1_gene,_complete_cds
4267	2903	 0.154	MN769973.1_MAG:_TTV-like_mini_virus_isolate_SAfiA-590-39,_complete_genome
4268	2563	 0.154	MN777144.1_MAG:_Torque_teno_midi_virus_isolate_SAfiA-867-402_ORF1_gene,_complete_cds
4269	2719	 0.154	MN768906.1_MAG:_Torque_teno_mini_virus_isolate_SAfiA-251-26,_complete_ORF1
4270	2652	 0.154	MN778106.1_MAG:_Torque_teno_midi_virus_isolate_SAfiA-590-134_ORF1_gene,_complete_cds
4271	2499	 0.154	MN780020.1_MAG:_Torque_teno_midi_virus_isolate_SAfiA-311-38_ORF1_gene,_complete_cds
4272	2801	 0.154	MN769610.1_MAG:_TTV-like_mini_virus_isolate_SAfiA-61-14,_complete_genome
4273	2628	 0.154	MN769039.1_MAG:_TTV-like_mini_virus_isolate_SAfiA-104-22,_complete_genome
4274	2852	 0.154	MN771020.1_MAG:_TTV-like_mini_virus_isolate_SAfiA-758-8,_complete_genome
4275	2617	 0.154	MN778380.1_MAG:_Torque_teno_midi_virus_isolate_SAfiA-325-38_ORF1_gene,_complete_cds
4276	2635	 0.154	MN776853.1_MAG:_Torque_teno_midi_virus_isolate_SAfiA-604-29_ORF1_gene,_complete_cds
4277	2567	 0.154	MN777561.1_MAG:_Torque_teno_midi_virus_isolate_SAfiA-380-170_ORF1_gene,_complete_cds
4278	2586	 0.154	MN778696.1_MAG:_Torque_teno_midi_virus_isolate_SAfiA-342-37_ORF1_gene,_complete_cds
4279	2561	 0.154	MN778115.1_MAG:_Torque_teno_midi_virus_isolate_SAfiA-235-104_ORF1_gene,_complete_cds
4280	2663	 0.154	MN768752.1_MAG:_Torque_teno_mini_virus_isolate_SAfiA-87-72,_complete_ORF1
4281	2910	 0.154	MN769397.1_MAG:_TTV-like_mini_virus_isolate_SAfiA-45-5,_complete_genome
4282	2487	 0.154	MN775607.1_MAG:_Torque_teno_midi_virus_isolate_SAfiA-577-289_ORF1_gene,_complete_cds
4283	2484	 0.154	MN775207.1_MAG:_Torque_teno_midi_virus_isolate_SAfiA-241-61_ORF1_gene,_complete_cds
4284	2785	 0.154	MN770937.1_MAG:_TTV-like_mini_virus_isolate_SAfiA-380-73,_complete_genome
4285	2915	 0.154	MN770097.1_MAG:_TTV-like_mini_virus_isolate_SAfiA-587-43,_complete_genome
4286	2878	 0.153	MN770096.1_MAG:_TTV-like_mini_virus_isolate_SAfiA-587-40,_complete_genome
4287	2434	 0.153	MN780363.1_MAG:_Torque_teno_midi_virus_isolate_SAfiA-107-4_ORF1_gene,_complete_cds
4288	2543	 0.153	MN776452.1_MAG:_Torque_teno_midi_virus_isolate_SAfiA-397-11_ORF1_gene,_complete_cds
4289	2905	 0.153	MN770555.1_MAG:_TTV-like_mini_virus_isolate_SAfiA-342-14,_complete_genome
4290	2686	 0.153	MN769624.1_MAG:_TTV-like_mini_virus_isolate_SAfiA-6-18,_complete_genome
4291	2810	 0.153	MN771415.1_MAG:_TTV-like_mini_virus_isolate_SAfiA-352-28,_complete_genome
4292	2712	 0.153	MN775429.1_MAG:_Torque_teno_midi_virus_isolate_SAfiA-393-33_ORF1_gene,_complete_cds
4293	2945	 0.153	MN770407.1_MAG:_TTV-like_mini_virus_isolate_SAfiA-787-7,_complete_genome
4294	2824	 0.153	MN769997.1_MAG:_TTV-like_mini_virus_isolate_SAfiA-674-8,_complete_genome
4295	2661	 0.153	MN775339.1_MAG:_Torque_teno_midi_virus_isolate_SAfiA-11-40_ORF1_gene,_complete_cds
4296	2873	 0.153	MN776118.1_MAG:_Torque_teno_midi_virus_isolate_SAfiA-319-9_ORF1_gene,_complete_cds
4297	2373	 0.153	MN776536.1_MAG:_Torque_teno_midi_virus_isolate_SAfiA-414-81_ORF1_gene,_complete_cds
4298	2836	 0.153	MN769204.1_MAG:_TTV-like_mini_virus_isolate_SAfiA-33-22,_complete_genome
4299	2917	 0.153	MN769583.1_MAG:_TTV-like_mini_virus_isolate_SAfiA-593-12,_complete_genome
4300	2994	 0.153	MN770160.1_MAG:_TTV-like_mini_virus_isolate_SAfiA-604-5,_complete_genome
4301	2741	 0.153	MN775735.1_MAG:_Torque_teno_midi_virus_isolate_SAfiA-89-9_ORF1_gene,_complete_cds
4302	2471	 0.153	MN776501.1_MAG:_Torque_teno_midi_virus_isolate_SAfiA-234-59_ORF1_gene,_complete_cds
4303	2493	 0.153	MN775275.1_MAG:_Torque_teno_midi_virus_isolate_SAfiA-591-33_ORF1_gene,_complete_cds
4304	2565	 0.153	MN768898.1_MAG:_Torque_teno_mini_virus_isolate_SAfiA-247-53,_complete_ORF1
4305	2825	 0.152	MN769620.1_MAG:_TTV-like_mini_virus_isolate_SAfiA-615-708,_complete_genome
4306	2834	 0.152	MN770146.1_MAG:_TTV-like_mini_virus_isolate_SAfiA-37-8,_complete_genome
4307	2745	 0.152	MN775488.1_MAG:_Torque_teno_midi_virus_isolate_SAfiA-662-14_ORF1_gene,_complete_cds
4308	3050	 0.152	MN779786.1_MAG:_Torque_teno_midi_virus_isolate_SAfiA-838-5_ORF1_gene,_complete_cds
4309	2517	 0.152	MN775947.1_MAG:_Torque_teno_midi_virus_isolate_SAfiA-710-43_ORF1_gene,_complete_cds
4310	2484	 0.152	MN780257.1_MAG:_Torque_teno_midi_virus_isolate_SAfiA-502-41_ORF1_gene,_complete_cds
4311	2496	 0.152	MN779502.1_MAG:_Torque_teno_midi_virus_isolate_SAfiA-414-68_ORF1_gene,_complete_cds
4312	2894	 0.152	MN769830.1_MAG:_TTV-like_mini_virus_isolate_SAfiA-99-18,_complete_genome
4313	2551	 0.152	MN779644.1_MAG:_Torque_teno_midi_virus_isolate_SAfiA-341-29_ORF1_gene,_complete_cds
4314	2304	 0.152	MN778030.1_MAG:_Torque_teno_midi_virus_isolate_SAfiA-542-63_ORF1_gene,_complete_cds
4315	2526	 0.152	MN776084.1_MAG:_Torque_teno_midi_virus_isolate_SAfiA-587-316_ORF1_gene,_complete_cds
4316	2708	 0.152	MN775397.1_MAG:_Torque_teno_midi_virus_isolate_SAfiA-106A-30_ORF1_gene,_complete_cds
4317	2849	 0.152	MN770398.1_MAG:_TTV-like_mini_virus_isolate_SAfiA-701-9,_complete_genome
4318	2543	 0.152	MN779837.1_MAG:_Torque_teno_midi_virus_isolate_SAfiA-394-24_ORF1_gene,_complete_cds
4319	2635	 0.152	MN779888.1_MAG:_Torque_teno_midi_virus_isolate_SAfiA-231-20_ORF1_gene,_complete_cds
4320	2820	 0.152	MZ286192.1_Anelloviridae_sp._isolate_SP51_C16,_complete_genome
4321	2899	 0.151	MN769440.1_MAG:_TTV-like_mini_virus_isolate_SAfiA-502-12,_complete_genome
4322	2521	 0.151	MN775197.1_MAG:_Torque_teno_midi_virus_isolate_SAfiA-112-20_ORF1_gene,_complete_cds
4323	2957	 0.151	MN770217.1_MAG:_TTV-like_mini_virus_isolate_SAfiA-275-29,_complete_genome
4324	2531	 0.151	MN776200.1_MAG:_Torque_teno_midi_virus_isolate_SAfiA-517-19_ORF1_gene,_complete_cds
4325	2892	 0.151	MN769214.1_MAG:_TTV-like_mini_virus_isolate_SAfiA-341-13,_complete_genome
4326	2592	 0.151	MN777387.1_MAG:_Torque_teno_midi_virus_isolate_SAfiA-361-70_ORF1_gene,_complete_cds
4327	2372	 0.151	MN779274.1_MAG:_Torque_teno_midi_virus_isolate_SAfiA-649-26_ORF1_gene,_complete_cds
4328	2812	 0.151	MN769971.1_MAG:_TTV-like_mini_virus_isolate_SAfiA-587-92,_complete_genome
4329	2621	 0.151	MN778516.1_MAG:_Torque_teno_midi_virus_isolate_SAfiA-366-17_ORF1_gene,_complete_cds
4330	2518	 0.150	MN777344.1_MAG:_Torque_teno_midi_virus_isolate_SAfiA-11-78_ORF1_gene,_complete_cds
4331	2886	 0.150	MN770711.1_MAG:_TTV-like_mini_virus_isolate_SAfiA-591-9,_complete_genome
4332	2913	 0.150	MN769224.1_MAG:_TTV-like_mini_virus_isolate_SAfiA-346-16,_complete_genome
4333	2612	 0.150	MN768932.1_MAG:_Torque_teno_mini_virus_isolate_SAfiA-263-34,_complete_ORF1
4334	2585	 0.150	MN778630.1_MAG:_Torque_teno_midi_virus_isolate_SAfiA-116-60_ORF1_gene,_complete_cds
4335	2696	 0.150	MN775426.1_MAG:_Torque_teno_midi_virus_isolate_SAfiA-388-205_ORF1_gene,_complete_cds
4336	2811	 0.150	MZ286256.1_Anelloviridae_sp._isolate_SP30_C6,_complete_genome
4337	2548	 0.150	MN778309.1_MAG:_Torque_teno_midi_virus_isolate_SAfiA-640-41_ORF1_gene,_complete_cds
4338	2946	 0.150	MN769598.1_MAG:_TTV-like_mini_virus_isolate_SAfiA-609-13,_complete_genome
4339	2603	 0.150	MN779194.1_MAG:_Torque_teno_midi_virus_isolate_SAfiA-578-61_ORF1_gene,_complete_cds
4340	2887	 0.150	MN770268.1_MAG:_TTV-like_mini_virus_isolate_SAfiA-60-8,_complete_genome
4341	2856	 0.150	MN771487.1_MAG:_TTV-like_mini_virus_isolate_SAfiA-657-40,_complete_genome
4342	2523	 0.150	MN777863.1_MAG:_Torque_teno_midi_virus_isolate_SAfiA-628-108_ORF1_gene,_complete_cds
4343	2632	 0.150	MN775729.1_MAG:_Torque_teno_midi_virus_isolate_SAfiA-710-20_ORF1_gene,_complete_cds
4344	3014	 0.150	MN771139.1_MAG:_TTV-like_mini_virus_isolate_SAfiA-560-3,_complete_genome
4345	2559	 0.150	MN778138.1_MAG:_Torque_teno_midi_virus_isolate_SAfiA-621-20_ORF1_gene,_complete_cds
4346	2497	 0.150	MN779875.1_MAG:_Torque_teno_midi_virus_isolate_SAfiA-863-26_ORF1_gene,_complete_cds
4347	2423	 0.149	MN776186.1_MAG:_Torque_teno_midi_virus_isolate_SAfiA-391-19_ORF1_gene,_complete_cds
4348	2816	 0.149	MN779329.1_MAG:_Torque_teno_midi_virus_isolate_SAfiA-77-136_ORF1_gene,_complete_cds
4349	2750	 0.149	MN768785.1_MAG:_Torque_teno_mini_virus_isolate_SAfiA-775-22,_complete_ORF1
4350	2681	 0.149	MN776133.1_MAG:_Torque_teno_midi_virus_isolate_SAfiA-666-20_ORF1_gene,_complete_cds
4351	2855	 0.149	MN771136.1_MAG:_TTV-like_mini_virus_isolate_SAfiA-535-9,_complete_genome
4352	2599	 0.149	MN768998.1_MAG:_Torque_teno_mini_virus_isolate_SAfiA-306A-65,_complete_ORF1
4353	2393	 0.149	MN778807.1_MAG:_Torque_teno_midi_virus_isolate_SAfiA-5A-59_ORF1_gene,_complete_cds
4354	2485	 0.149	MN778727.1_MAG:_Torque_teno_midi_virus_isolate_SAfiA-374-14_ORF1_gene,_complete_cds
4355	2545	 0.149	MN777096.1_MAG:_Torque_teno_midi_virus_isolate_SAfiA-625-47_ORF1_gene,_complete_cds
4356	2517	 0.149	MN775463.1_MAG:_Torque_teno_midi_virus_isolate_SAfiA-254-116_ORF1_gene,_complete_cds
4357	2756	 0.149	MN777955.1_MAG:_Torque_teno_midi_virus_isolate_SAfiA-734-3_ORF1_gene,_complete_cds
4358	2739	 0.149	MN768917.1_MAG:_Torque_teno_mini_virus_isolate_SAfiA-254-44,_complete_ORF1
4359	2479	 0.148	MN775024.1_MAG:_Torque_teno_midi_virus_isolate_SAfiA-87-118_ORF1_gene,_complete_cds
4360	2626	 0.148	MN779102.1_MAG:_Torque_teno_midi_virus_isolate_SAfiA-124-64_ORF1_gene,_complete_cds
4361	2501	 0.148	MN780153.1_MAG:_Torque_teno_midi_virus_isolate_SAfiA-108-46_ORF1_gene,_complete_cds
4362	2600	 0.148	MN779364.1_MAG:_Torque_teno_midi_virus_isolate_SAfiA-363-13_ORF1_gene,_complete_cds
4363	4781	 0.148	AB982217.1_Bufavirus-3_genes_for_NS1,_VP1,_VP2,_complete_cds,_strain:_AHP-178
4364	2764	 0.148	MN770259.1_MAG:_TTV-like_mini_virus_isolate_SAfiA-388-143,_complete_genome
4365	2527	 0.148	MN779561.1_MAG:_Torque_teno_midi_virus_isolate_SAfiA-590-185_ORF1_gene,_complete_cds
4366	2807	 0.148	MN769500.1_MAG:_TTV-like_mini_virus_isolate_SAfiA-566-23,_complete_genome
4367	2626	 0.148	MN776674.1_MAG:_Torque_teno_midi_virus_isolate_SAfiA-590-147_ORF1_gene,_complete_cds
4368	2654	 0.148	MN780017.1_MAG:_Torque_teno_midi_virus_isolate_SAfiA-253-10_ORF1_gene,_complete_cds
4369	2666	 0.148	MN780146.1_MAG:_Torque_teno_midi_virus_isolate_SAfiA-799-47_ORF1_gene,_complete_cds
4370	2669	 0.148	MN775106.1_MAG:_Torque_teno_midi_virus_isolate_SAfiA-581-66_ORF1_gene,_complete_cds
4371	2507	 0.148	MN779855.1_MAG:_Torque_teno_midi_virus_isolate_SAfiA-578-88_ORF1_gene,_complete_cds
4372	2638	 0.148	MN776794.1_MAG:_Torque_teno_midi_virus_isolate_SAfiA-346-87_ORF1_gene,_complete_cds
4373	2563	 0.148	MN780166.1_MAG:_Torque_teno_midi_virus_isolate_SAfiA-239-12_ORF1_gene,_complete_cds
4374	2898	 0.148	MN769225.1_MAG:_TTV-like_mini_virus_isolate_SAfiA-346-21,_complete_genome
4375	2537	 0.148	MN775383.1_MAG:_Torque_teno_midi_virus_isolate_SAfiA-565-50_ORF1_gene,_complete_cds
4376	2705	 0.148	MN775049.1_MAG:_Torque_teno_midi_virus_isolate_SAfiA-698-2_ORF1_gene,_complete_cds
4377	2508	 0.148	MN779836.1_MAG:_Torque_teno_midi_virus_isolate_SAfiA-393-60_ORF1_gene,_complete_cds
4378	3020	 0.148	MN779907.1_MAG:_Torque_teno_midi_virus_isolate_SAfiA-109-2_ORF1_gene,_complete_cds
4379	2907	 0.147	MN770689.1_MAG:_TTV-like_mini_virus_isolate_SAfiA-581-22,_complete_genome
4380	2929	 0.147	MN769786.1_MAG:_TTV-like_mini_virus_isolate_SAfiA-870-7,_complete_genome
4381	2972	 0.147	MN771177.1_MAG:_TTV-like_mini_virus_isolate_SAfiA-729-1,_complete_genome
4382	2674	 0.147	MN776276.1_MAG:_Torque_teno_midi_virus_isolate_SAfiA-500-63_ORF1_gene,_complete_cds
4383	2593	 0.147	MN775252.1_MAG:_Torque_teno_midi_virus_isolate_SAfiA-479-18_ORF1_gene,_complete_cds
4384	2602	 0.147	MN778867.1_MAG:_Torque_teno_midi_virus_isolate_SAfiA-810-92_ORF1_gene,_complete_cds
4385	2452	 0.147	MN778625.1_MAG:_Torque_teno_midi_virus_isolate_SAfiA-10-40_ORF1_gene,_complete_cds
4386	2898	 0.147	MN770632.1_MAG:_TTV-like_mini_virus_isolate_SAfiA-454-6,_complete_genome
4387	2447	 0.147	MN777462.1_MAG:_Torque_teno_midi_virus_isolate_SAfiA-666-38_ORF1_gene,_complete_cds
4388	2582	 0.147	MN775590.1_MAG:_Torque_teno_midi_virus_isolate_SAfiA-254-94_ORF1_gene,_complete_cds
4389	3090	 0.147	MN778050.1_MAG:_Torque_teno_midi_virus_isolate_SAfiA-601-5_ORF1_gene,_complete_cds
4390	2713	 0.147	MN778349.1_MAG:_Torque_teno_midi_virus_isolate_SAfiA-107-35_ORF1_gene,_complete_cds
4391	2648	 0.147	MN778440.1_MAG:_Torque_teno_midi_virus_isolate_SAfiA-619-23_ORF1_gene,_complete_cds
4392	2949	 0.147	MN770529.1_MAG:_TTV-like_mini_virus_isolate_SAfiA-319-15,_complete_genome
4393	2631	 0.147	MN778210.1_MAG:_Torque_teno_midi_virus_isolate_SAfiA-361-60_ORF1_gene,_complete_cds
4394	2988	 0.147	MZ286251.1_Anelloviridae_sp._isolate_SP27_C2,_complete_genome
4395	2632	 0.147	MN778176.1_MAG:_Torque_teno_midi_virus_isolate_SAfiA-263-35_ORF1_gene,_complete_cds
4396	2635	 0.147	MN779665.1_MAG:_Torque_teno_midi_virus_isolate_SAfiA-380-133_ORF1_gene,_complete_cds
4397	2961	 0.147	MN771349.1_MAG:_TTV-like_mini_virus_isolate_SAfiA-254-21,_complete_genome
4398	2539	 0.147	MN778623.1_MAG:_Torque_teno_midi_virus_isolate_SAfiA-10-34_ORF1_gene,_complete_cds
4399	2664	 0.147	MN780138.1_MAG:_Torque_teno_midi_virus_isolate_SAfiA-615-906_ORF1_gene,_complete_cds
4400	2891	 0.147	MN770657.1_MAG:_TTV-like_mini_virus_isolate_SAfiA-540-4,_complete_genome
4401	2884	 0.147	MN769207.1_MAG:_TTV-like_mini_virus_isolate_SAfiA-332-9,_complete_genome
4402	2988	 0.146	MN769575.1_MAG:_TTV-like_mini_virus_isolate_SAfiA-590-22,_complete_genome
4403	2909	 0.146	MN769418.1_MAG:_TTV-like_mini_virus_isolate_SAfiA-481-10,_complete_genome
4404	2721	 0.146	MN768719.1_MAG:_Torque_teno_mini_virus_isolate_SAfiA-838-14,_complete_ORF1
4405	2768	 0.146	MN779793.1_MAG:_Torque_teno_midi_virus_isolate_SAfiA-95A-25_ORF1_gene,_complete_cds
4406	2433	 0.146	MN777953.1_MAG:_Torque_teno_midi_virus_isolate_SAfiA-70-62_ORF1_gene,_complete_cds
4407	2852	 0.146	MN769823.1_MAG:_TTV-like_mini_virus_isolate_SAfiA-94-23,_complete_genome
4408	2775	 0.146	MN771468.1_MAG:_TTV-like_mini_virus_isolate_SAfiA-590-18,_complete_genome
4409	2696	 0.146	MN776704.1_MAG:_Torque_teno_midi_virus_isolate_SAfiA-659-17_ORF1_gene,_complete_cds
4410	2881	 0.146	MN771153.1_MAG:_TTV-like_mini_virus_isolate_SAfiA-624-10,_complete_genome
4411	2937	 0.146	MN771350.1_MAG:_TTV-like_mini_virus_isolate_SAfiA-319-20,_complete_genome
4412	2595	 0.146	MN775816.1_MAG:_Torque_teno_midi_virus_isolate_SAfiA-766-345_ORF1_gene,_complete_cds
4413	2555	 0.146	MN779131.1_MAG:_Torque_teno_midi_virus_isolate_SAfiA-276-19_ORF1_gene,_complete_cds
4414	2639	 0.146	MN780136.1_MAG:_Torque_teno_midi_virus_isolate_SAfiA-599-14_ORF1_gene,_complete_cds
4415	2481	 0.146	MN778005.1_MAG:_Torque_teno_midi_virus_isolate_SAfiA-365-60_ORF1_gene,_complete_cds
4416	3039	 0.146	MN780423.1_MAG:_Torque_teno_midi_virus_isolate_SAfiA-639-664_ORF1_gene,_complete_cds
4417	2433	 0.146	MN779211.1_MAG:_Torque_teno_midi_virus_isolate_SAfiA-616-57_ORF1_gene,_complete_cds
4418	2567	 0.146	MN777201.1_MAG:_Torque_teno_midi_virus_isolate_SAfiA-415-13_ORF1_gene,_complete_cds
4419	2507	 0.146	MN778526.1_MAG:_Torque_teno_midi_virus_isolate_SAfiA-402-73_ORF1_gene,_complete_cds
4420	2852	 0.146	MN769775.1_MAG:_TTV-like_mini_virus_isolate_SAfiA-859-13,_complete_genome
4421	2508	 0.146	MN778610.1_MAG:_Torque_teno_midi_virus_isolate_SAfiA-865-176_ORF1_gene,_complete_cds
4422	2801	 0.145	MN770641.1_MAG:_TTV-like_mini_virus_isolate_SAfiA-495-14,_complete_genome
4423	2909	 0.145	MN769344.1_MAG:_TTV-like_mini_virus_isolate_SAfiA-398-17,_complete_genome
4424	2946	 0.145	MN770785.1_MAG:_TTV-like_mini_virus_isolate_SAfiA-856-363,_complete_genome
4425	2935	 0.145	MN770507.1_MAG:_TTV-like_mini_virus_isolate_SAfiA-274-15,_complete_genome
4426	2683	 0.145	MN778702.1_MAG:_Torque_teno_midi_virus_isolate_SAfiA-346-70_ORF1_gene,_complete_cds
4427	2808	 0.145	MN770703.1_MAG:_TTV-like_mini_virus_isolate_SAfiA-587-95,_complete_genome
4428	2915	 0.145	MN771130.1_MAG:_TTV-like_mini_virus_isolate_SAfiA-50-12,_complete_genome
4429	2996	 0.145	MN771181.1_MAG:_TTV-like_mini_virus_isolate_SAfiA-767-62,_complete_genome
4430	2804	 0.145	MN780353.1_MAG:_Torque_teno_midi_virus_isolate_SAfiA-888-4_ORF1_gene,_complete_cds
4431	2522	 0.145	MN777842.1_MAG:_Torque_teno_midi_virus_isolate_SAfiA-582-32_ORF1_gene,_complete_cds
4432	2335	 0.145	MN780119.1_MAG:_Torque_teno_midi_virus_isolate_SAfiA-301-30_ORF1_gene,_complete_cds
4433	2445	 0.145	MN776539.1_MAG:_Torque_teno_midi_virus_isolate_SAfiA-480-12_ORF1_gene,_complete_cds
4434	2587	 0.145	MN779899.1_MAG:_Torque_teno_midi_virus_isolate_SAfiA-535-20_ORF1_gene,_complete_cds
4435	2216	 0.145	MN775800.1_MAG:_Torque_teno_midi_virus_isolate_SAfiA-386-30_ORF1_gene,_complete_cds
4436	2988	 0.145	MN769169.1_MAG:_TTV-like_mini_virus_isolate_SAfiA-306B-7,_complete_genome
4437	2302	 0.145	MN776852.1_MAG:_Torque_teno_midi_virus_isolate_SAfiA-5A-62_ORF1_gene,_complete_cds
4438	2467	 0.145	MN776557.1_MAG:_Torque_teno_midi_virus_isolate_SAfiA-61-59_ORF1_gene,_complete_cds
4439	2814	 0.145	MN770133.1_MAG:_TTV-like_mini_virus_isolate_SAfiA-275-58,_complete_genome
4440	2867	 0.145	MN770352.1_MAG:_TTV-like_mini_virus_isolate_SAfiA-352-13,_complete_genome
4441	2558	 0.144	MN778752.1_MAG:_Torque_teno_midi_virus_isolate_SAfiA-450-28_ORF1_gene,_complete_cds
4442	2810	 0.144	MN770187.1_MAG:_TTV-like_mini_virus_isolate_SAfiA-369-26,_complete_genome
4443	4733	 0.144	NC_024888.1_Bufavirus-3_genes_for_NS1,_putative_VP1,_hypothetical_protein,_VP2,_complete_cds,_strain:_BTN-63
4444	2513	 0.144	MN775921.1_MAG:_Torque_teno_midi_virus_isolate_SAfiA-366-22_ORF1_gene,_complete_cds
4445	2531	 0.144	MN779983.1_MAG:_Torque_teno_midi_virus_isolate_SAfiA-409-6_ORF1_gene,_complete_cds
4446	2455	 0.144	MN778046.1_MAG:_Torque_teno_midi_virus_isolate_SAfiA-591-35_ORF1_gene,_complete_cds
4447	2666	 0.144	MN779281.1_MAG:_Torque_teno_midi_virus_isolate_SAfiA-234-26_ORF1_gene,_complete_cds
4448	2841	 0.144	MN776117.1_MAG:_Torque_teno_midi_virus_isolate_SAfiA-314-32_ORF1_gene,_complete_cds
4449	2559	 0.144	MN776137.1_MAG:_Torque_teno_midi_virus_isolate_SAfiA-77-205_ORF1_gene,_complete_cds
4450	2867	 0.144	MN771056.1_MAG:_TTV-like_mini_virus_isolate_SAfiA-35-34,_complete_genome
4451	3065	 0.144	MN776459.1_MAG:_Torque_teno_midi_virus_isolate_SAfiA-52-2_ORF1_gene,_complete_cds
4452	2612	 0.144	MN779032.1_MAG:_Torque_teno_midi_virus_isolate_SAfiA-826-5_ORF1_gene,_complete_cds
4453	2817	 0.144	MN770806.1_MAG:_TTV-like_mini_virus_isolate_SAfiA-247-25,_complete_genome
4454	3039	 0.144	MN769877.1_MAG:_TTV-like_mini_virus_isolate_SAfiA-247-8,_complete_genome
4455	2877	 0.144	MN769359.1_MAG:_TTV-like_mini_virus_isolate_SAfiA-409-3,_complete_genome
4456	3037	 0.144	MN774930.1_MAG:_Torque_teno_midi_virus_isolate_SAfiA-542-8,_complete_genome
4457	2741	 0.144	MN775480.1_MAG:_Torque_teno_midi_virus_isolate_SAfiA-543-40_ORF1_gene,_complete_cds
4458	2633	 0.143	MN768952.1_MAG:_Torque_teno_mini_virus_isolate_SAfiA-274-39,_complete_ORF1
4459	2510	 0.143	MN775018.1_MAG:_Torque_teno_midi_virus_isolate_SAfiA-552-93_ORF1_gene,_complete_cds
4460	2862	 0.143	MN778923.1_MAG:_Torque_teno_midi_virus_isolate_SAfiA-644-12_ORF1_gene,_complete_cds
4461	2914	 0.143	MN769597.1_MAG:_TTV-like_mini_virus_isolate_SAfiA-605-0,_complete_genome
4462	2436	 0.143	MN777073.1_MAG:_Torque_teno_midi_virus_isolate_SAfiA-587-368_ORF1_gene,_complete_cds
4463	2907	 0.143	MN770052.1_MAG:_TTV-like_mini_virus_isolate_SAfiA-319-12,_complete_genome
4464	2612	 0.143	MN775667.1_MAG:_Torque_teno_midi_virus_isolate_SAfiA-548-15_ORF1_gene,_complete_cds
4465	2506	 0.143	MN776949.1_MAG:_Torque_teno_midi_virus_isolate_SAfiA-270-29_ORF1_gene,_complete_cds
4466	2839	 0.143	MZ286236.1_Anelloviridae_sp._isolate_SP8_C2,_complete_genome
4467	2934	 0.143	MN776991.1_MAG:_Torque_teno_midi_virus_isolate_SAfiA-680-5_ORF1_gene,_complete_cds
4468	2882	 0.143	MN770871.1_MAG:_TTV-like_mini_virus_isolate_SAfiA-376-15,_complete_genome
4469	2771	 0.143	MN768809.1_MAG:_Torque_teno_mini_virus_isolate_SAfiA-894-30,_complete_ORF1
4470	2508	 0.143	MN777564.1_MAG:_Torque_teno_midi_virus_isolate_SAfiA-380-194_ORF1_gene,_complete_cds
4471	2975	 0.143	MN779683.1_MAG:_Torque_teno_midi_virus_isolate_SAfiA-460-7_ORF1_gene,_complete_cds
4472	2311	 0.143	MN780203.1_MAG:_Torque_teno_midi_virus_isolate_SAfiA-346-208_ORF1_gene,_complete_cds
4473	2597	 0.142	MN775732.1_MAG:_Torque_teno_midi_virus_isolate_SAfiA-797-48_ORF1_gene,_complete_cds
4474	2468	 0.142	MN775361.1_MAG:_Torque_teno_midi_virus_isolate_SAfiA-123-74_ORF1_gene,_complete_cds
4475	2489	 0.142	MN777262.1_MAG:_Torque_teno_midi_virus_isolate_SAfiA-596-11_ORF1_gene,_complete_cds
4476	2576	 0.142	MN776237.1_MAG:_Torque_teno_midi_virus_isolate_SAfiA-676-52_ORF1_gene,_complete_cds
4477	2599	 0.142	MN779289.1_MAG:_Torque_teno_midi_virus_isolate_SAfiA-311-31_ORF1_gene,_complete_cds
4478	2552	 0.142	MN775946.1_MAG:_Torque_teno_midi_virus_isolate_SAfiA-700-18_ORF1_gene,_complete_cds
4479	3229	 0.142	MN774952.1_MAG:_Torque_teno_midi_virus_isolate_SAfiA-333-2,_complete_genome
4480	2904	 0.142	MN769712.1_MAG:_TTV-like_mini_virus_isolate_SAfiA-72-1,_complete_genome
4481	2835	 0.142	MN769386.1_MAG:_TTV-like_mini_virus_isolate_SAfiA-442-12,_complete_genome
4482	2819	 0.142	MN770271.1_MAG:_TTV-like_mini_virus_isolate_SAfiA-642-38,_complete_genome
4483	2549	 0.142	MN777662.1_MAG:_Torque_teno_midi_virus_isolate_SAfiA-642-73_ORF1_gene,_complete_cds
4484	2498	 0.142	MN777488.1_MAG:_Torque_teno_midi_virus_isolate_SAfiA-125-28_ORF1_gene,_complete_cds
4485	2840	 0.142	MN770889.1_MAG:_TTV-like_mini_virus_isolate_SAfiA-590-59,_complete_genome
4486	3019	 0.142	MN774945.1_MAG:_Torque_teno_midi_virus_isolate_SAfiA-116-48,_complete_genome
4487	3349	 0.142	MN165093.1_TTV-like_mini_virus_isolate_Chzj6_hypothetical_protein_gene,_complete_cds
4488	2845	 0.142	MN771254.1_MAG:_TTV-like_mini_virus_isolate_SAfiA-476-12,_complete_genome
4489	2647	 0.142	MN777039.1_MAG:_Torque_teno_midi_virus_isolate_SAfiA-475-24_ORF1_gene,_complete_cds
4490	3039	 0.142	MN769948.1_MAG:_TTV-like_mini_virus_isolate_SAfiA-562-5,_complete_genome
4491	2627	 0.142	MN775918.1_MAG:_Torque_teno_midi_virus_isolate_SAfiA-35-120_ORF1_gene,_complete_cds
4492	2570	 0.142	MN779235.1_MAG:_Torque_teno_midi_virus_isolate_SAfiA-898-9_ORF1_gene,_complete_cds
4493	2741	 0.142	MN778675.1_MAG:_Torque_teno_midi_virus_isolate_SAfiA-307-8_ORF1_gene,_complete_cds
4494	2882	 0.141	MN768927.1_MAG:_Torque_teno_mini_virus_isolate_SAfiA-256-9,_complete_ORF1
4495	2764	 0.141	MN780358.1_MAG:_Torque_teno_midi_virus_isolate_SAfiA-11-42_ORF1_gene,_complete_cds
4496	3105	 0.141	MN778875.1_MAG:_Torque_teno_midi_virus_isolate_SAfiA-835-0_ORF1_gene,_complete_cds
4497	2639	 0.141	MN778983.1_MAG:_Torque_teno_midi_virus_isolate_SAfiA-350-55_ORF1_gene,_complete_cds
4498	2646	 0.141	MN779454.1_MAG:_Torque_teno_midi_virus_isolate_SAfiA-590-135_ORF1_gene,_complete_cds
4499	2514	 0.141	MN779954.1_MAG:_Torque_teno_midi_virus_isolate_SAfiA-651-74_ORF1_gene,_complete_cds
4500	2932	 0.141	MN770704.1_MAG:_TTV-like_mini_virus_isolate_SAfiA-590-35,_complete_genome
4501	2819	 0.141	MN769392.1_MAG:_TTV-like_mini_virus_isolate_SAfiA-453-11,_complete_genome
4502	2454	 0.141	MN777544.1_MAG:_Torque_teno_midi_virus_isolate_SAfiA-346-192_ORF1_gene,_complete_cds
4503	2313	 0.141	MN777860.1_MAG:_Torque_teno_midi_virus_isolate_SAfiA-61-67_ORF1_gene,_complete_cds
4504	2504	 0.141	MN779537.1_MAG:_Torque_teno_midi_virus_isolate_SAfiA-346-157_ORF1_gene,_complete_cds
4505	2579	 0.141	MN768997.1_MAG:_Torque_teno_mini_virus_isolate_SAfiA-306A-61,_complete_ORF1
4506	2471	 0.141	MN775222.1_MAG:_Torque_teno_midi_virus_isolate_SAfiA-319-93_ORF1_gene,_complete_cds
4507	2683	 0.141	MN769026.1_MAG:_Torque_teno_mini_virus_isolate_SAfiA-309-34,_complete_ORF1
4508	2421	 0.141	MN777404.1_MAG:_Torque_teno_midi_virus_isolate_SAfiA-418-47_ORF1_gene,_complete_cds
4509	2545	 0.141	MN778797.1_MAG:_Torque_teno_midi_virus_isolate_SAfiA-587-304_ORF1_gene,_complete_cds
4510	2633	 0.141	MN778691.1_MAG:_Torque_teno_midi_virus_isolate_SAfiA-334-48_ORF1_gene,_complete_cds
4511	2587	 0.141	MN768814.1_MAG:_Torque_teno_mini_virus_isolate_SAfiA-93-22,_complete_ORF1
4512	2544	 0.140	MN779854.1_MAG:_Torque_teno_midi_virus_isolate_SAfiA-578-78_ORF1_gene,_complete_cds
4513	2622	 0.140	MN777402.1_MAG:_Torque_teno_midi_virus_isolate_SAfiA-413-14_ORF1_gene,_complete_cds
4514	2378	 0.140	MN776562.1_MAG:_Torque_teno_midi_virus_isolate_SAfiA-625-60_ORF1_gene,_complete_cds
4515	2698	 0.140	MN777581.1_MAG:_Torque_teno_midi_virus_isolate_SAfiA-429-21_ORF1_gene,_complete_cds
4516	2642	 0.140	MN779956.1_MAG:_Torque_teno_midi_virus_isolate_SAfiA-727-7_ORF1_gene,_complete_cds
4517	2859	 0.140	MN776321.1_MAG:_Torque_teno_midi_virus_isolate_SAfiA-311-18_ORF1_gene,_complete_cds
4518	2664	 0.140	MN779216.1_MAG:_Torque_teno_midi_virus_isolate_SAfiA-656-20_ORF1_gene,_complete_cds
4519	2525	 0.140	MN777532.1_MAG:_Torque_teno_midi_virus_isolate_SAfiA-334-72_ORF1_gene,_complete_cds
4520	2907	 0.140	MN770456.1_MAG:_TTV-like_mini_virus_isolate_SAfiA-116-21,_complete_genome
4521	2946	 0.140	MN770300.1_MAG:_TTV-like_mini_virus_isolate_SAfiA-339-6,_complete_genome
4522	2501	 0.139	MN779396.1_MAG:_Torque_teno_midi_virus_isolate_SAfiA-625-54_ORF1_gene,_complete_cds
4523	2882	 0.139	MN771501.1_MAG:_TTV-like_mini_virus_isolate_SAfiA-77-109,_complete_genome
4524	2606	 0.139	MN778584.1_MAG:_Torque_teno_midi_virus_isolate_SAfiA-64-6_ORF1_gene,_complete_cds
4525	2869	 0.139	MN771097.1_MAG:_TTV-like_mini_virus_isolate_SAfiA-330-15,_complete_genome
4526	2931	 0.139	MN769171.1_MAG:_TTV-like_mini_virus_isolate_SAfiA-308-12,_complete_genome
4527	2887	 0.139	MN771096.1_MAG:_TTV-like_mini_virus_isolate_SAfiA-317-8,_complete_genome
4528	2705	 0.139	MN777176.1_MAG:_Torque_teno_midi_virus_isolate_SAfiA-74-11_ORF1_gene,_complete_cds
4529	2952	 0.139	MN780424.1_MAG:_Torque_teno_midi_virus_isolate_SAfiA-260-5_ORF1_gene,_complete_cds
4530	2493	 0.139	MN779369.1_MAG:_Torque_teno_midi_virus_isolate_SAfiA-39-41_ORF1_gene,_complete_cds
4531	2601	 0.139	MN776947.1_MAG:_Torque_teno_midi_virus_isolate_SAfiA-254-86_ORF1_gene,_complete_cds
4532	2553	 0.139	MN779940.1_MAG:_Torque_teno_midi_virus_isolate_SAfiA-494-15_ORF1_gene,_complete_cds
4533	2870	 0.139	MN769335.1_MAG:_TTV-like_mini_virus_isolate_SAfiA-39-12,_complete_genome
4534	2825	 0.139	MN770926.1_MAG:_TTV-like_mini_virus_isolate_SAfiA-31-27,_complete_genome
4535	2519	 0.138	MN776236.1_MAG:_Torque_teno_midi_virus_isolate_SAfiA-659-54_ORF1_gene,_complete_cds
4536	2502	 0.138	MN777384.1_MAG:_Torque_teno_midi_virus_isolate_SAfiA-353-133_ORF1_gene,_complete_cds
4537	2713	 0.138	MN779283.1_MAG:_Torque_teno_midi_virus_isolate_SAfiA-242-47_ORF1_gene,_complete_cds
4538	2540	 0.138	MN776285.1_MAG:_Torque_teno_midi_virus_isolate_SAfiA-581-88_ORF1_gene,_complete_cds
4539	2876	 0.138	MN771000.1_MAG:_TTV-like_mini_virus_isolate_SAfiA-57-28,_complete_genome
4540	2903	 0.138	MN769255.1_MAG:_TTV-like_mini_virus_isolate_SAfiA-35-53,_complete_genome
4541	2652	 0.138	MZ286136.1_Anelloviridae_sp._isolate_SP43_C9,_complete_genome
4542	2539	 0.138	MN779207.1_MAG:_Torque_teno_midi_virus_isolate_SAfiA-611-283_ORF1_gene,_complete_cds
4543	2837	 0.138	MN770726.1_MAG:_TTV-like_mini_virus_isolate_SAfiA-630A-29,_complete_genome
4544	2558	 0.138	MN777112.1_MAG:_Torque_teno_midi_virus_isolate_SAfiA-651-60_ORF1_gene,_complete_cds
4545	2643	 0.138	MN776604.1_MAG:_Torque_teno_midi_virus_isolate_SAfiA-247-44_ORF1_gene,_complete_cds
4546	2663	 0.138	MN778751.1_MAG:_Torque_teno_midi_virus_isolate_SAfiA-450-21_ORF1_gene,_complete_cds
4547	2959	 0.138	MN771190.1_MAG:_TTV-like_mini_virus_isolate_SAfiA-833-2,_complete_genome
4548	2562	 0.138	MN776248.1_MAG:_Torque_teno_midi_virus_isolate_SAfiA-123-57_ORF1_gene,_complete_cds
4549	2972	 0.138	MN775659.1_MAG:_Torque_teno_midi_virus_isolate_SAfiA-499-2_ORF1_gene,_complete_cds
4550	2988	 0.138	MN770734.1_MAG:_TTV-like_mini_virus_isolate_SAfiA-650-5,_complete_genome
4551	2495	 0.138	MN775021.1_MAG:_Torque_teno_midi_virus_isolate_SAfiA-581-98_ORF1_gene,_complete_cds
4552	2771	 0.137	MN768886.1_MAG:_Torque_teno_mini_virus_isolate_SAfiA-242-38,_complete_ORF1
4553	2900	 0.137	MN769337.1_MAG:_TTV-like_mini_virus_isolate_SAfiA-392-23,_complete_genome
4554	2816	 0.137	MN769421.1_MAG:_TTV-like_mini_virus_isolate_SAfiA-481-16,_complete_genome
4555	2512	 0.137	MN776034.1_MAG:_Torque_teno_midi_virus_isolate_SAfiA-657-55_ORF1_gene,_complete_cds
4556	2682	 0.137	MN776920.1_MAG:_Torque_teno_midi_virus_isolate_SAfiA-10-23_ORF1_gene,_complete_cds
4557	2621	 0.137	MN779025.1_MAG:_Torque_teno_midi_virus_isolate_SAfiA-541-32_ORF1_gene,_complete_cds
4558	2534	 0.137	MN777199.1_MAG:_Torque_teno_midi_virus_isolate_SAfiA-396-40_ORF1_gene,_complete_cds
4559	2764	 0.137	MN776798.1_MAG:_Torque_teno_midi_virus_isolate_SAfiA-366-16_ORF1_gene,_complete_cds
4560	2877	 0.137	MN769099.1_MAG:_TTV-like_mini_virus_isolate_SAfiA-232-4,_complete_genome
4561	2553	 0.137	MN776906.1_MAG:_Torque_teno_midi_virus_isolate_SAfiA-543-64_ORF1_gene,_complete_cds
4562	2914	 0.137	MN770336.1_MAG:_TTV-like_mini_virus_isolate_SAfiA-100A-28,_complete_genome
4563	2883	 0.137	MN769180.1_MAG:_TTV-like_mini_virus_isolate_SAfiA-316-21,_complete_genome
4564	2918	 0.137	MN769554.1_MAG:_TTV-like_mini_virus_isolate_SAfiA-583-9,_complete_genome
4565	2595	 0.137	MN779363.1_MAG:_Torque_teno_midi_virus_isolate_SAfiA-361-69_ORF1_gene,_complete_cds
4566	2558	 0.137	MN778849.1_MAG:_Torque_teno_midi_virus_isolate_SAfiA-716-22_ORF1_gene,_complete_cds
4567	2606	 0.136	MN778929.1_MAG:_Torque_teno_midi_virus_isolate_SAfiA-587-234_ORF1_gene,_complete_cds
4568	2897	 0.136	MN770437.1_MAG:_TTV-like_mini_virus_isolate_SAfiA-567-19,_complete_genome
4569	2615	 0.136	MN775103.1_MAG:_Torque_teno_midi_virus_isolate_SAfiA-377-6_ORF1_gene,_complete_cds
4570	2890	 0.136	MN770808.1_MAG:_TTV-like_mini_virus_isolate_SAfiA-311-14,_complete_genome
4571	2476	 0.136	MN775439.1_MAG:_Torque_teno_midi_virus_isolate_SAfiA-485-69_ORF1_gene,_complete_cds
4572	2564	 0.136	MN777160.1_MAG:_Torque_teno_midi_virus_isolate_SAfiA-329-6_ORF1_gene,_complete_cds
4573	3086	 0.136	MN775970.1_MAG:_Torque_teno_midi_virus_isolate_SAfiA-534-7_ORF1_gene,_complete_cds
4574	2824	 0.136	MN770434.1_MAG:_TTV-like_mini_virus_isolate_SAfiA-687-16,_complete_genome
4575	2841	 0.136	MN770991.1_MAG:_TTV-like_mini_virus_isolate_SAfiA-369-28,_complete_genome
4576	2894	 0.136	MN769540.1_MAG:_TTV-like_mini_virus_isolate_SAfiA-581-20,_complete_genome
4577	2455	 0.136	MN779824.1_MAG:_Torque_teno_midi_virus_isolate_SAfiA-346-189_ORF1_gene,_complete_cds
4578	2434	 0.136	MN777461.1_MAG:_Torque_teno_midi_virus_isolate_SAfiA-665-14_ORF1_gene,_complete_cds
4579	2458	 0.136	MN777351.1_MAG:_Torque_teno_midi_virus_isolate_SAfiA-235-128_ORF1_gene,_complete_cds
4580	2541	 0.136	MN779424.1_MAG:_Torque_teno_midi_virus_isolate_SAfiA-332-25_ORF1_gene,_complete_cds
4581	2799	 0.136	MN768802.1_MAG:_Torque_teno_mini_virus_isolate_SAfiA-822-18,_complete_ORF1
4582	2482	 0.136	MN777281.1_MAG:_Torque_teno_midi_virus_isolate_SAfiA-91-44_ORF1_gene,_complete_cds
4583	2824	 0.136	MN769368.1_MAG:_TTV-like_mini_virus_isolate_SAfiA-418-20,_complete_genome
4584	2622	 0.136	MN779458.1_MAG:_Torque_teno_midi_virus_isolate_SAfiA-610-39_ORF1_gene,_complete_cds
4585	2493	 0.136	MN780453.1_MAG:_Torque_teno_midi_virus_isolate_SAfiA-254-130_ORF1_gene,_complete_cds
4586	2817	 0.136	MN770189.1_MAG:_TTV-like_mini_virus_isolate_SAfiA-380-68,_complete_genome
4587	2801	 0.136	MN771182.1_MAG:_TTV-like_mini_virus_isolate_SAfiA-77-172,_complete_genome
4588	2773	 0.135	MN779312.1_MAG:_Torque_teno_midi_virus_isolate_SAfiA-587-143_ORF1_gene,_complete_cds
4589	2623	 0.135	MN776584.1_MAG:_Torque_teno_midi_virus_isolate_SAfiA-247-48_ORF1_gene,_complete_cds
4590	2696	 0.135	MN778137.1_MAG:_Torque_teno_midi_virus_isolate_SAfiA-610-28_ORF1_gene,_complete_cds
4591	3055	 0.135	MN780384.1_MAG:_Torque_teno_midi_virus_isolate_SAfiA-749-0_ORF1_gene,_complete_cds
4592	2504	 0.135	MN777363.1_MAG:_Torque_teno_midi_virus_isolate_SAfiA-297-156_ORF1_gene,_complete_cds
4593	2491	 0.135	MN776595.1_MAG:_Torque_teno_midi_virus_isolate_SAfiA-229-20_ORF1_gene,_complete_cds
4594	2647	 0.135	MN778651.1_MAG:_Torque_teno_midi_virus_isolate_SAfiA-242-58_ORF1_gene,_complete_cds
4595	2514	 0.135	MZ286021.1_Anelloviridae_sp._isolate_SP15_C7,_complete_genome
4596	2514	 0.135	MN775290.1_MAG:_Torque_teno_midi_virus_isolate_SAfiA-690-10_ORF1_gene,_complete_cds
4597	2500	 0.135	MN779871.1_MAG:_Torque_teno_midi_virus_isolate_SAfiA-79-10_ORF1_gene,_complete_cds
4598	2587	 0.135	MN780269.1_MAG:_Torque_teno_midi_virus_isolate_SAfiA-556-40_ORF1_gene,_complete_cds
4599	2676	 0.135	MN780151.1_MAG:_Torque_teno_midi_virus_isolate_SAfiA-102-70_ORF1_gene,_complete_cds
4600	2761	 0.135	MN165094.1_Torque_teno_midi_virus_isolate_Chzj012_hypothetical_protein_gene,_complete_cds
4601	2888	 0.135	MN771203.1_MAG:_TTV-like_mini_virus_isolate_SAfiA-10-10,_complete_genome
4602	2955	 0.135	MN776594.1_MAG:_Torque_teno_midi_virus_isolate_SAfiA-130-10_ORF1_gene,_complete_cds
4603	2647	 0.135	MN775341.1_MAG:_Torque_teno_midi_virus_isolate_SAfiA-12A-7_ORF1_gene,_complete_cds
4604	2523	 0.134	MN775161.1_MAG:_Torque_teno_midi_virus_isolate_SAfiA-494-17_ORF1_gene,_complete_cds
4605	2512	 0.134	MN776554.1_MAG:_Torque_teno_midi_virus_isolate_SAfiA-591-30_ORF1_gene,_complete_cds
4606	2495	 0.134	MN777801.1_MAG:_Torque_teno_midi_virus_isolate_SAfiA-39-40_ORF1_gene,_complete_cds
4607	2894	 0.134	MZ286044.1_Anelloviridae_sp._isolate_SP20_C3,_complete_genome
4608	2597	 0.134	MN776532.1_MAG:_Torque_teno_midi_virus_isolate_SAfiA-393-40_ORF1_gene,_complete_cds
4609	2478	 0.134	MN777374.1_MAG:_Torque_teno_midi_virus_isolate_SAfiA-334-82_ORF1_gene,_complete_cds
4610	2941	 0.134	MN769404.1_MAG:_TTV-like_mini_virus_isolate_SAfiA-47-10,_complete_genome
4611	7495	 0.134	MH118089.1_Coxsackievirus_A10_strain_09-1701-1,_complete_genome
4612	2509	 0.134	MN776506.1_MAG:_Torque_teno_midi_virus_isolate_SAfiA-241-59_ORF1_gene,_complete_cds
4613	2861	 0.134	MN769060.1_MAG:_TTV-like_mini_virus_isolate_SAfiA-121-12,_complete_genome
4614	2635	 0.134	MN778436.1_MAG:_Torque_teno_midi_virus_isolate_SAfiA-611-234_ORF1_gene,_complete_cds
4615	2482	 0.134	MN776065.1_MAG:_Torque_teno_midi_virus_isolate_SAfiA-319-92_ORF1_gene,_complete_cds
4616	2804	 0.134	MN778911.1_MAG:_Torque_teno_midi_virus_isolate_SAfiA-388-162_ORF1_gene,_complete_cds
4617	2879	 0.134	MN769497.1_MAG:_TTV-like_mini_virus_isolate_SAfiA-566-18,_complete_genome
4618	2810	 0.134	MN771113.1_MAG:_TTV-like_mini_virus_isolate_SAfiA-401-25,_complete_genome
4619	2597	 0.134	MN779655.1_MAG:_Torque_teno_midi_virus_isolate_SAfiA-361-68_ORF1_gene,_complete_cds
4620	2846	 0.134	MN778632.1_MAG:_Torque_teno_midi_virus_isolate_SAfiA-118-18_ORF1_gene,_complete_cds
4621	2626	 0.133	MN777476.1_MAG:_Torque_teno_midi_virus_isolate_SAfiA-817-11_ORF1_gene,_complete_cds
4622	2610	 0.133	MN778059.1_MAG:_Torque_teno_midi_virus_isolate_SAfiA-62-4_ORF1_gene,_complete_cds
4623	2545	 0.133	MZ286081.1_Anelloviridae_sp._isolate_SP28_C5,_complete_genome
4624	2520	 0.133	MN777902.1_MAG:_Torque_teno_midi_virus_isolate_SAfiA-31-44_ORF1_gene,_complete_cds
4625	2599	 0.133	MN779818.1_MAG:_Torque_teno_midi_virus_isolate_SAfiA-333-30_ORF1_gene,_complete_cds
4626	2816	 0.133	MZ286148.1_Anelloviridae_sp._isolate_SP45_C6,_complete_genome
4627	2481	 0.133	MN778198.1_MAG:_Torque_teno_midi_virus_isolate_SAfiA-346-179_ORF1_gene,_complete_cds
4628	2566	 0.133	MN779623.1_MAG:_Torque_teno_midi_virus_isolate_SAfiA-297-176_ORF1_gene,_complete_cds
4629	2483	 0.133	MN776578.1_MAG:_Torque_teno_midi_virus_isolate_SAfiA-861-297_ORF1_gene,_complete_cds
4630	2891	 0.133	MN770635.1_MAG:_TTV-like_mini_virus_isolate_SAfiA-461-8,_complete_genome
4631	2541	 0.133	MN777592.1_MAG:_Torque_teno_midi_virus_isolate_SAfiA-478-67_ORF1_gene,_complete_cds
4632	2747	 0.133	MN778018.1_MAG:_Torque_teno_midi_virus_isolate_SAfiA-414-26_ORF1_gene,_complete_cds
4633	2465	 0.132	MN775944.1_MAG:_Torque_teno_midi_virus_isolate_SAfiA-640-47_ORF1_gene,_complete_cds
4634	2755	 0.132	MN775144.1_MAG:_Torque_teno_midi_virus_isolate_SAfiA-325-23_ORF1_gene,_complete_cds
4635	2642	 0.132	MN775545.1_MAG:_Torque_teno_midi_virus_isolate_SAfiA-580-26_ORF1_gene,_complete_cds
4636	2518	 0.132	MN780339.1_MAG:_Torque_teno_midi_virus_isolate_SAfiA-867-414_ORF1_gene,_complete_cds
4637	2541	 0.132	MN776635.1_MAG:_Torque_teno_midi_virus_isolate_SAfiA-388-287_ORF1_gene,_complete_cds
4638	3016	 0.132	MN780396.1_MAG:_Torque_teno_midi_virus_isolate_SAfiA-807-8_ORF1_gene,_complete_cds
4639	2707	 0.132	MN777390.1_MAG:_Torque_teno_midi_virus_isolate_SAfiA-368-19_ORF1_gene,_complete_cds
4640	2528	 0.132	MN778943.1_MAG:_Torque_teno_midi_virus_isolate_SAfiA-31-43_ORF1_gene,_complete_cds
4641	2812	 0.132	MN771121.1_MAG:_TTV-like_mini_virus_isolate_SAfiA-470-15,_complete_genome
4642	2776	 0.132	MN779691.1_MAG:_Torque_teno_midi_virus_isolate_SAfiA-478-25_ORF1_gene,_complete_cds
4643	2840	 0.132	MN770108.1_MAG:_TTV-like_mini_virus_isolate_SAfiA-646-10,_complete_genome
4644	2677	 0.132	MN779619.1_MAG:_Torque_teno_midi_virus_isolate_SAfiA-297-119_ORF1_gene,_complete_cds
4645	2881	 0.131	MN771127.1_MAG:_TTV-like_mini_virus_isolate_SAfiA-481-13,_complete_genome
4646	2473	 0.131	MN776490.1_MAG:_Torque_teno_midi_virus_isolate_SAfiA-858-156_ORF1_gene,_complete_cds
4647	2938	 0.131	MN770382.1_MAG:_TTV-like_mini_virus_isolate_SAfiA-578-6,_complete_genome
4648	2552	 0.131	MN780075.1_MAG:_Torque_teno_midi_virus_isolate_SAfiA-259-17_ORF1_gene,_complete_cds
4649	2480	 0.131	MN775570.1_MAG:_Torque_teno_midi_virus_isolate_SAfiA-77-227_ORF1_gene,_complete_cds
4650	2794	 0.131	MN770070.1_MAG:_TTV-like_mini_virus_isolate_SAfiA-380-60,_complete_genome
4651	2911	 0.131	MN770788.1_MAG:_TTV-like_mini_virus_isolate_SAfiA-861-154,_complete_genome
4652	2819	 0.131	MN770260.1_MAG:_TTV-like_mini_virus_isolate_SAfiA-393-24,_complete_genome
4653	2559	 0.131	MN779726.1_MAG:_Torque_teno_midi_virus_isolate_SAfiA-599-17_ORF1_gene,_complete_cds
4654	2956	 0.131	MN771058.1_MAG:_TTV-like_mini_virus_isolate_SAfiA-366-6,_complete_genome
4655	2894	 0.131	MN769111.1_MAG:_TTV-like_mini_virus_isolate_SAfiA-238-11,_complete_genome
4656	2916	 0.131	MN767678.1_MAG:_Torque_teno_virus_isolate_SAfiA-538-3_ORF1_gene,_complete_cds
4657	2468	 0.131	MN777147.1_MAG:_Torque_teno_midi_virus_isolate_SAfiA-87-121_ORF1_gene,_complete_cds
4658	2505	 0.130	MN780287.1_MAG:_Torque_teno_midi_virus_isolate_SAfiA-587-286_ORF1_gene,_complete_cds
4659	2641	 0.130	MN778994.1_MAG:_Torque_teno_midi_virus_isolate_SAfiA-528-16_ORF1_gene,_complete_cds
4660	2933	 0.130	MN770080.1_MAG:_TTV-like_mini_virus_isolate_SAfiA-47-8,_complete_genome
4661	2526	 0.130	MN778558.1_MAG:_Torque_teno_midi_virus_isolate_SAfiA-590-186_ORF1_gene,_complete_cds
4662	2939	 0.130	MN769231.1_MAG:_TTV-like_mini_virus_isolate_SAfiA-349-14,_complete_genome
4663	2572	 0.130	MN778032.1_MAG:_Torque_teno_midi_virus_isolate_SAfiA-558-18_ORF1_gene,_complete_cds
4664	2287	 0.130	MN776895.1_MAG:_Torque_teno_midi_virus_isolate_SAfiA-271-10_ORF1_gene,_complete_cds
4665	2881	 0.130	MN771193.1_MAG:_TTV-like_mini_virus_isolate_SAfiA-84-8,_complete_genome
4666	2554	 0.130	MN779948.1_MAG:_Torque_teno_midi_virus_isolate_SAfiA-5B-16_ORF1_gene,_complete_cds
4667	2481	 0.130	MN775231.1_MAG:_Torque_teno_midi_virus_isolate_SAfiA-346-180_ORF1_gene,_complete_cds
4668	2599	 0.130	MN777570.1_MAG:_Torque_teno_midi_virus_isolate_SAfiA-393-48_ORF1_gene,_complete_cds
4669	2362	 0.130	MN778684.1_MAG:_Torque_teno_midi_virus_isolate_SAfiA-320-15_ORF1_gene,_complete_cds
4670	4734	 0.130	AB847988.1_Bufavirus-3_genes_for_NS1,_putative_VP1,_hypothetical_protein,_VP2,_partial_and_complete_cds,_strain:_BTN-109
4671	2624	 0.130	MN777297.1_MAG:_Torque_teno_midi_virus_isolate_SAfiA-523-34_ORF1_gene,_complete_cds
4672	2800	 0.130	MN770625.1_MAG:_TTV-like_mini_virus_isolate_SAfiA-427-10,_complete_genome
4673	2881	 0.130	MN771106.1_MAG:_TTV-like_mini_virus_isolate_SAfiA-378-10,_complete_genome
4674	2918	 0.130	MN770370.1_MAG:_TTV-like_mini_virus_isolate_SAfiA-49-9,_complete_genome
4675	2510	 0.130	MN775714.1_MAG:_Torque_teno_midi_virus_isolate_SAfiA-442-53_ORF1_gene,_complete_cds
4676	2665	 0.130	MN768900.1_MAG:_Torque_teno_mini_virus_isolate_SAfiA-248-18,_complete_ORF1
4677	2611	 0.130	MN775357.1_MAG:_Torque_teno_midi_virus_isolate_SAfiA-107-46_ORF1_gene,_complete_cds
4678	2679	 0.130	MN768978.1_MAG:_Torque_teno_mini_virus_isolate_SAfiA-301-23,_complete_ORF1
4679	2494	 0.130	MN779884.1_MAG:_Torque_teno_midi_virus_isolate_SAfiA-541-40_ORF1_gene,_complete_cds
4680	3195	 0.130	MN774944.1_MAG:_Torque_teno_midi_virus_isolate_SAfiA-336-2,_complete_genome
4681	2692	 0.129	MN779285.1_MAG:_Torque_teno_midi_virus_isolate_SAfiA-254-50_ORF1_gene,_complete_cds
4682	2434	 0.129	MN775702.1_MAG:_Torque_teno_midi_virus_isolate_SAfiA-895-18_ORF1_gene,_complete_cds
4683	2869	 0.129	MN769738.1_MAG:_TTV-like_mini_virus_isolate_SAfiA-79-5,_complete_genome
4684	2289	 0.129	MN778255.1_MAG:_Torque_teno_midi_virus_isolate_SAfiA-554-19_ORF1_gene,_complete_cds
4685	2557	 0.129	MN776301.1_MAG:_Torque_teno_midi_virus_isolate_SAfiA-710-35_ORF1_gene,_complete_cds
4686	2487	 0.129	MN778281.1_MAG:_Torque_teno_midi_virus_isolate_SAfiA-604-62_ORF1_gene,_complete_cds
4687	2443	 0.129	MZ286203.1_Anelloviridae_sp._isolate_SP51_C27,_complete_genome
4688	2436	 0.129	MN777646.1_MAG:_Torque_teno_midi_virus_isolate_SAfiA-5A-58_ORF1_gene,_complete_cds
4689	2982	 0.129	MN769137.1_MAG:_TTV-like_mini_virus_isolate_SAfiA-262-4,_complete_genome
4690	2633	 0.129	MN776965.1_MAG:_Torque_teno_midi_virus_isolate_SAfiA-110-17_ORF1_gene,_complete_cds
4691	2504	 0.129	MN775192.1_MAG:_Torque_teno_midi_virus_isolate_SAfiA-854-23_ORF1_gene,_complete_cds
4692	2525	 0.129	MN777657.1_MAG:_Torque_teno_midi_virus_isolate_SAfiA-628-107_ORF1_gene,_complete_cds
4693	2388	 0.129	MN777850.1_MAG:_Torque_teno_midi_virus_isolate_SAfiA-593-80_ORF1_gene,_complete_cds
4694	2810	 0.129	MN771055.1_MAG:_TTV-like_mini_virus_isolate_SAfiA-352-26,_complete_genome
4695	2553	 0.128	MN777973.1_MAG:_Torque_teno_midi_virus_isolate_SAfiA-12A-9_ORF1_gene,_complete_cds
4696	2831	 0.128	MN771078.1_MAG:_TTV-like_mini_virus_isolate_SAfiA-11-29,_complete_genome
4697	2534	 0.128	MZ286083.1_Anelloviridae_sp._isolate_SP28_C7,_complete_genome
4698	2570	 0.128	MN779022.1_MAG:_Torque_teno_midi_virus_isolate_SAfiA-398-40_ORF1_gene,_complete_cds
4699	2457	 0.128	MN778477.1_MAG:_Torque_teno_midi_virus_isolate_SAfiA-118-27_ORF1_gene,_complete_cds
4700	2923	 0.128	MN770087.1_MAG:_TTV-like_mini_virus_isolate_SAfiA-555-10,_complete_genome
4701	2810	 0.128	MN771073.1_MAG:_TTV-like_mini_virus_isolate_SAfiA-610-20,_complete_genome
4702	2847	 0.128	MN768742.1_MAG:_Torque_teno_mini_virus_isolate_SAfiA-868-19,_complete_ORF1
4703	2507	 0.128	MN777450.1_MAG:_Torque_teno_midi_virus_isolate_SAfiA-625-52_ORF1_gene,_complete_cds
4704	2684	 0.128	MN780342.1_MAG:_Torque_teno_midi_virus_isolate_SAfiA-87-59_ORF1_gene,_complete_cds
4705	2707	 0.128	MN778235.1_MAG:_Torque_teno_midi_virus_isolate_SAfiA-436-3_ORF1_gene,_complete_cds
4706	2632	 0.128	MN778399.1_MAG:_Torque_teno_midi_virus_isolate_SAfiA-393-43_ORF1_gene,_complete_cds
4707	2682	 0.128	MN777851.1_MAG:_Torque_teno_midi_virus_isolate_SAfiA-604-26_ORF1_gene,_complete_cds
4708	2613	 0.128	MN775134.1_MAG:_Torque_teno_midi_virus_isolate_SAfiA-274-49_ORF1_gene,_complete_cds
4709	2603	 0.127	MN775904.1_MAG:_Torque_teno_midi_virus_isolate_SAfiA-644-38_ORF1_gene,_complete_cds
4710	2919	 0.127	MN770232.1_MAG:_TTV-like_mini_virus_isolate_SAfiA-578-11,_complete_genome
4711	2537	 0.127	MN778870.1_MAG:_Torque_teno_midi_virus_isolate_SAfiA-815-54_ORF1_gene,_complete_cds
4712	2587	 0.127	MN778605.1_MAG:_Torque_teno_midi_virus_isolate_SAfiA-763-10_ORF1_gene,_complete_cds
4713	2540	 0.127	MN779049.1_MAG:_Torque_teno_midi_virus_isolate_SAfiA-594-123_ORF1_gene,_complete_cds
4714	2489	 0.127	MN777820.1_MAG:_Torque_teno_midi_virus_isolate_SAfiA-500-107_ORF1_gene,_complete_cds
4715	2640	 0.127	MN775126.1_MAG:_Torque_teno_midi_virus_isolate_SAfiA-235-74_ORF1_gene,_complete_cds
4716	2774	 0.127	MN779684.1_MAG:_Torque_teno_midi_virus_isolate_SAfiA-461-11_ORF1_gene,_complete_cds
4717	2530	 0.127	MN777095.1_MAG:_Torque_teno_midi_virus_isolate_SAfiA-624-31_ORF1_gene,_complete_cds
4718	2786	 0.127	MN770120.1_MAG:_TTV-like_mini_virus_isolate_SAfiA-861-231,_complete_genome
4719	2946	 0.127	MN770461.1_MAG:_TTV-like_mini_virus_isolate_SAfiA-124-14,_complete_genome
4720	2616	 0.127	MN776026.1_MAG:_Torque_teno_midi_virus_isolate_SAfiA-610-40_ORF1_gene,_complete_cds
4721	2478	 0.127	MN776091.1_MAG:_Torque_teno_midi_virus_isolate_SAfiA-710-45_ORF1_gene,_complete_cds
4722	2618	 0.127	MN777416.1_MAG:_Torque_teno_midi_virus_isolate_SAfiA-478-49_ORF1_gene,_complete_cds
4723	2486	 0.126	MN780369.1_MAG:_Torque_teno_midi_virus_isolate_SAfiA-577-254_ORF1_gene,_complete_cds
4724	2570	 0.126	MN779133.1_MAG:_Torque_teno_midi_virus_isolate_SAfiA-300-29_ORF1_gene,_complete_cds
4725	3064	 0.126	MN780376.1_MAG:_Torque_teno_midi_virus_isolate_SAfiA-630A-8_ORF1_gene,_complete_cds
4726	2642	 0.126	MN771049.1_MAG:_TTV-like_mini_virus_isolate_SAfiA-225-0,_complete_genome
4727	2475	 0.126	MN775200.1_MAG:_Torque_teno_midi_virus_isolate_SAfiA-11-86_ORF1_gene,_complete_cds
4728	2852	 0.126	MN769740.1_MAG:_TTV-like_mini_virus_isolate_SAfiA-797-30,_complete_genome
4729	2520	 0.126	MN776477.1_MAG:_Torque_teno_midi_virus_isolate_SAfiA-640-44_ORF1_gene,_complete_cds
4730	2689	 0.126	MN778761.1_MAG:_Torque_teno_midi_virus_isolate_SAfiA-478-38_ORF1_gene,_complete_cds
4731	2630	 0.126	MN778227.1_MAG:_Torque_teno_midi_virus_isolate_SAfiA-398-34_ORF1_gene,_complete_cds
4732	2873	 0.126	MN770975.1_MAG:_TTV-like_mini_virus_isolate_SAfiA-326-17,_complete_genome
4733	2854	 0.126	MN771338.1_MAG:_TTV-like_mini_virus_isolate_SAfiA-35-67,_complete_genome
4734	2504	 0.126	MN775352.1_MAG:_Torque_teno_midi_virus_isolate_SAfiA-39-36_ORF1_gene,_complete_cds
4735	2591	 0.126	MN775269.1_MAG:_Torque_teno_midi_virus_isolate_SAfiA-582-25_ORF1_gene,_complete_cds
4736	2858	 0.126	MN769855.1_MAG:_TTV-like_mini_virus_isolate_SAfiA-102-49,_complete_genome
4737	2517	 0.126	MN778025.1_MAG:_Torque_teno_midi_virus_isolate_SAfiA-478-60_ORF1_gene,_complete_cds
4738	2690	 0.126	MN768740.1_MAG:_Torque_teno_mini_virus_isolate_SAfiA-866-494,_complete_ORF1
4739	2490	 0.126	MN778076.1_MAG:_Torque_teno_midi_virus_isolate_SAfiA-858-147_ORF1_gene,_complete_cds
4740	2948	 0.126	MN770896.1_MAG:_TTV-like_mini_virus_isolate_SAfiA-481-7,_complete_genome
4741	2521	 0.126	MN776505.1_MAG:_Torque_teno_midi_virus_isolate_SAfiA-241-55_ORF1_gene,_complete_cds
4742	2993	 0.126	MN771334.1_MAG:_TTV-like_mini_virus_isolate_SAfiA-766-268,_complete_genome
4743	2515	 0.126	MN776695.1_MAG:_Torque_teno_midi_virus_isolate_SAfiA-634-40_ORF1_gene,_complete_cds
4744	2660	 0.126	MN768839.1_MAG:_Torque_teno_mini_virus_isolate_SAfiA-803-17,_complete_ORF1
4745	2959	 0.126	MN770307.1_MAG:_TTV-like_mini_virus_isolate_SAfiA-388-50,_complete_genome
4746	2780	 0.125	MN770621.1_MAG:_TTV-like_mini_virus_isolate_SAfiA-401-26,_complete_genome
4747	2776	 0.125	MN770931.1_MAG:_TTV-like_mini_virus_isolate_SAfiA-349-56,_complete_genome
4748	2675	 0.125	MN778266.1_MAG:_Torque_teno_midi_virus_isolate_SAfiA-578-31_ORF1_gene,_complete_cds
4749	2824	 0.125	MZ286291.1_Anelloviridae_sp._isolate_SP59_C2,_complete_genome
4750	4756	 0.125	AB982221.1_Bufavirus-3_genes_for_NS1,_VP1,_VP2,_complete_cds,_strain:_AHP-692
4751	2798	 0.125	MN771411.1_MAG:_TTV-like_mini_virus_isolate_SAfiA-334-30,_complete_genome
4752	2523	 0.125	MN777891.1_MAG:_Torque_teno_midi_virus_isolate_SAfiA-87-111_ORF1_gene,_complete_cds
4753	2987	 0.125	MN769557.1_MAG:_TTV-like_mini_virus_isolate_SAfiA-587-12,_complete_genome
4754	2703	 0.125	MN777557.1_MAG:_Torque_teno_midi_virus_isolate_SAfiA-37-13_ORF1_gene,_complete_cds
4755	2390	 0.125	MN777814.1_MAG:_Torque_teno_midi_virus_isolate_SAfiA-453-29_ORF1_gene,_complete_cds
4756	2499	 0.125	MN777397.1_MAG:_Torque_teno_midi_virus_isolate_SAfiA-39-39_ORF1_gene,_complete_cds
4757	2460	 0.124	MZ286091.1_Anelloviridae_sp._isolate_SP30_C10,_complete_genome
4758	2560	 0.124	MN777777.1_MAG:_Torque_teno_midi_virus_isolate_SAfiA-346-121_ORF1_gene,_complete_cds
4759	2909	 0.124	MN780392.1_MAG:_Torque_teno_midi_virus_isolate_SAfiA-720-1_ORF1_gene,_complete_cds
4760	2561	 0.124	MN777942.1_MAG:_Torque_teno_midi_virus_isolate_SAfiA-628-96_ORF1_gene,_complete_cds
4761	2494	 0.124	MN778048.1_MAG:_Torque_teno_midi_virus_isolate_SAfiA-594-125_ORF1_gene,_complete_cds
4762	2658	 0.124	MN778644.1_MAG:_Torque_teno_midi_virus_isolate_SAfiA-234-28_ORF1_gene,_complete_cds
4763	2611	 0.124	MN778962.1_MAG:_Torque_teno_midi_virus_isolate_SAfiA-61-37_ORF1_gene,_complete_cds
4764	2609	 0.124	MN779141.1_MAG:_Torque_teno_midi_virus_isolate_SAfiA-33-42_ORF1_gene,_complete_cds
4765	2593	 0.124	MN775227.1_MAG:_Torque_teno_midi_virus_isolate_SAfiA-334-55_ORF1_gene,_complete_cds
4766	2836	 0.124	MN770086.1_MAG:_TTV-like_mini_virus_isolate_SAfiA-542-36,_complete_genome
4767	2937	 0.124	MN770297.1_MAG:_TTV-like_mini_virus_isolate_SAfiA-327-3,_complete_genome
4768	2621	 0.124	MN779550.1_MAG:_Torque_teno_midi_virus_isolate_SAfiA-396-26_ORF1_gene,_complete_cds
4769	2579	 0.124	MN768594.1_MAG:_Torque_teno_mini_virus_isolate_SAfiA-670-10,_complete_ORF1
4770	2711	 0.124	MN770266.1_MAG:_TTV-like_mini_virus_isolate_SAfiA-587-311,_complete_genome
4771	3059	 0.123	MN775000.1_MAG:_Torque_teno_midi_virus_isolate_SAfiA-242-14_ORF1_gene,_complete_cds
4772	2515	 0.123	MN779973.1_MAG:_Torque_teno_midi_virus_isolate_SAfiA-268-29_ORF1_gene,_complete_cds
4773	2639	 0.123	MN776661.1_MAG:_Torque_teno_midi_virus_isolate_SAfiA-556-32_ORF1_gene,_complete_cds
4774	2628	 0.123	MN778333.1_MAG:_Torque_teno_midi_virus_isolate_SAfiA-867-380_ORF1_gene,_complete_cds
4775	2510	 0.123	MZ286165.1_Anelloviridae_sp._isolate_SP47_C10,_complete_genome
4776	2940	 0.123	MN769659.1_MAG:_TTV-like_mini_virus_isolate_SAfiA-651-23,_complete_genome
4777	2498	 0.123	MN775445.1_MAG:_Torque_teno_midi_virus_isolate_SAfiA-587-327_ORF1_gene,_complete_cds
4778	2536	 0.123	MN777611.1_MAG:_Torque_teno_midi_virus_isolate_SAfiA-556-41_ORF1_gene,_complete_cds
4779	2545	 0.123	MN779667.1_MAG:_Torque_teno_midi_virus_isolate_SAfiA-380-181_ORF1_gene,_complete_cds
4780	2764	 0.123	MN768655.1_MAG:_Torque_teno_mini_virus_isolate_SAfiA-720-2,_complete_ORF1
4781	2507	 0.123	MN780201.1_MAG:_Torque_teno_midi_virus_isolate_SAfiA-346-153_ORF1_gene,_complete_cds
4782	2587	 0.123	MN775710.1_MAG:_Torque_teno_midi_virus_isolate_SAfiA-245-40_ORF1_gene,_complete_cds
4783	2902	 0.123	MN770563.1_MAG:_TTV-like_mini_virus_isolate_SAfiA-350-24,_complete_genome
4784	2755	 0.123	MN777575.1_MAG:_Torque_teno_midi_virus_isolate_SAfiA-412-8_ORF1_gene,_complete_cds
4785	2979	 0.123	MN769343.1_MAG:_TTV-like_mini_virus_isolate_SAfiA-398-11,_complete_genome
4786	2522	 0.123	MN776241.1_MAG:_Torque_teno_midi_virus_isolate_SAfiA-776-178_ORF1_gene,_complete_cds
4787	2848	 0.123	MN770749.1_MAG:_TTV-like_mini_virus_isolate_SAfiA-687-14,_complete_genome
4788	2558	 0.123	MN777929.1_MAG:_Torque_teno_midi_virus_isolate_SAfiA-353-112_ORF1_gene,_complete_cds
4789	2600	 0.123	MZ286154.1_Anelloviridae_sp._isolate_SP46_C4,_complete_genome
4790	2483	 0.123	MN776088.1_MAG:_Torque_teno_midi_virus_isolate_SAfiA-61-56_ORF1_gene,_complete_cds
4791	2852	 0.123	MN770480.1_MAG:_TTV-like_mini_virus_isolate_SAfiA-241-23,_complete_genome
4792	2534	 0.122	MN777737.1_MAG:_Torque_teno_midi_virus_isolate_SAfiA-224-54_ORF1_gene,_complete_cds
4793	2859	 0.122	MN769506.1_MAG:_TTV-like_mini_virus_isolate_SAfiA-571-12,_complete_genome
4794	2862	 0.122	MN768596.1_MAG:_Torque_teno_mini_virus_isolate_SAfiA-671-4,_complete_ORF1
4795	2774	 0.122	MN770784.1_MAG:_TTV-like_mini_virus_isolate_SAfiA-850-17,_complete_genome
4796	2859	 0.122	MN770334.1_MAG:_TTV-like_mini_virus_isolate_SAfiA-865-110,_complete_genome
4797	2445	 0.122	MN776739.1_MAG:_Torque_teno_midi_virus_isolate_SAfiA-325-59_ORF1_gene,_complete_cds
4798	2864	 0.122	MN770175.1_MAG:_TTV-like_mini_virus_isolate_SAfiA-899-16,_complete_genome
4799	2897	 0.122	MN769141.1_MAG:_TTV-like_mini_virus_isolate_SAfiA-266-13,_complete_genome
4800	2914	 0.122	MN770459.1_MAG:_TTV-like_mini_virus_isolate_SAfiA-122-8,_complete_genome
4801	2720	 0.122	MN768907.1_MAG:_Torque_teno_mini_virus_isolate_SAfiA-251-27,_complete_ORF1
4802	2934	 0.122	MN769864.1_MAG:_TTV-like_mini_virus_isolate_SAfiA-124-17,_complete_genome
4803	2569	 0.122	MN777340.1_MAG:_Torque_teno_midi_virus_isolate_SAfiA-112-18_ORF1_gene,_complete_cds
4804	3046	 0.121	MN770886.1_MAG:_TTV-like_mini_virus_isolate_SAfiA-566-9,_complete_genome
4805	2549	 0.121	MN777623.1_MAG:_Torque_teno_midi_virus_isolate_SAfiA-58-14_ORF1_gene,_complete_cds
4806	2400	 0.121	MN776542.1_MAG:_Torque_teno_midi_virus_isolate_SAfiA-485-74_ORF1_gene,_complete_cds
4807	2507	 0.121	MN777887.1_MAG:_Torque_teno_midi_virus_isolate_SAfiA-863-20_ORF1_gene,_complete_cds
4808	2806	 0.121	MN770171.1_MAG:_TTV-like_mini_virus_isolate_SAfiA-763-7,_complete_genome
4809	2539	 0.121	MN778880.1_MAG:_Torque_teno_midi_virus_isolate_SAfiA-865-177_ORF1_gene,_complete_cds
4810	2589	 0.121	MN777560.1_MAG:_Torque_teno_midi_virus_isolate_SAfiA-380-157_ORF1_gene,_complete_cds
4811	4745	 0.121	AB982222.1_Bufavirus-3_genes_for_NS1,_VP1,_VP2,_complete_cds,_strain:_AHP-740
4812	2807	 0.121	MN769581.1_MAG:_TTV-like_mini_virus_isolate_SAfiA-590-75,_complete_genome
4813	2630	 0.121	MN776825.1_MAG:_Torque_teno_midi_virus_isolate_SAfiA-509-16_ORF1_gene,_complete_cds
4814	2820	 0.121	MN769726.1_MAG:_TTV-like_mini_virus_isolate_SAfiA-764-3,_complete_genome
4815	2771	 0.121	MN779765.1_MAG:_Torque_teno_midi_virus_isolate_SAfiA-70-27_ORF1_gene,_complete_cds
4816	2611	 0.121	MN778429.1_MAG:_Torque_teno_midi_virus_isolate_SAfiA-593-44_ORF1_gene,_complete_cds
4817	2499	 0.121	MN776460.1_MAG:_Torque_teno_midi_virus_isolate_SAfiA-523-41_ORF1_gene,_complete_cds
4818	2666	 0.121	MN779961.1_MAG:_Torque_teno_midi_virus_isolate_SAfiA-842-13_ORF1_gene,_complete_cds
4819	2470	 0.121	MN775260.1_MAG:_Torque_teno_midi_virus_isolate_SAfiA-526-22_ORF1_gene,_complete_cds
4820	2680	 0.121	MN779457.1_MAG:_Torque_teno_midi_virus_isolate_SAfiA-610-30_ORF1_gene,_complete_cds
4821	2539	 0.120	MN778340.1_MAG:_Torque_teno_midi_virus_isolate_SAfiA-297-146_ORF1_gene,_complete_cds
4822	2500	 0.120	MN776770.1_MAG:_Torque_teno_midi_virus_isolate_SAfiA-127-41_ORF1_gene,_complete_cds
4823	2824	 0.120	MN769481.1_MAG:_TTV-like_mini_virus_isolate_SAfiA-546-17,_complete_genome
4824	2637	 0.120	MN778732.1_MAG:_Torque_teno_midi_virus_isolate_SAfiA-388-236_ORF1_gene,_complete_cds
4825	2701	 0.120	OL694783.1_Torque_teno_midi_virus_11_isolate_TTMDV-AMS-S1-38_ORF1_gene,_complete_cds
4826	2845	 0.120	MN769439.1_MAG:_TTV-like_mini_virus_isolate_SAfiA-50-18,_complete_genome
4827	2558	 0.120	MN777090.1_MAG:_Torque_teno_midi_virus_isolate_SAfiA-61-43_ORF1_gene,_complete_cds
4828	2504	 0.120	MN779166.1_MAG:_Torque_teno_midi_virus_isolate_SAfiA-401-54_ORF1_gene,_complete_cds
4829	2522	 0.120	MN780077.1_MAG:_Torque_teno_midi_virus_isolate_SAfiA-325-51_ORF1_gene,_complete_cds
4830	2619	 0.120	MN775527.1_MAG:_Torque_teno_midi_virus_isolate_SAfiA-434-11_ORF1_gene,_complete_cds
4831	2490	 0.120	MN779251.1_MAG:_Torque_teno_midi_virus_isolate_SAfiA-626-57_ORF1_gene,_complete_cds
4832	2460	 0.120	MN775959.1_MAG:_Torque_teno_midi_virus_isolate_SAfiA-859-41_ORF1_gene,_complete_cds
4833	2792	 0.120	MN768944.1_MAG:_Torque_teno_mini_virus_isolate_SAfiA-270-17,_complete_ORF1
4834	2876	 0.120	MN770420.1_MAG:_TTV-like_mini_virus_isolate_SAfiA-350-36,_complete_genome
4835	2560	 0.120	MN778126.1_MAG:_Torque_teno_midi_virus_isolate_SAfiA-506-7_ORF1_gene,_complete_cds
4836	2531	 0.120	MN778054.1_MAG:_Torque_teno_midi_virus_isolate_SAfiA-611-287_ORF1_gene,_complete_cds
4837	2906	 0.119	MN770477.1_MAG:_TTV-like_mini_virus_isolate_SAfiA-235-30,_complete_genome
4838	2905	 0.119	MN769300.1_MAG:_TTV-like_mini_virus_isolate_SAfiA-380-24,_complete_genome
4839	2748	 0.119	MN777515.1_MAG:_Torque_teno_midi_virus_isolate_SAfiA-297-113_ORF1_gene,_complete_cds
4840	2923	 0.119	MN770881.1_MAG:_TTV-like_mini_virus_isolate_SAfiA-316-16,_complete_genome
4841	2615	 0.119	MN775682.1_MAG:_Torque_teno_midi_virus_isolate_SAfiA-61-34_ORF1_gene,_complete_cds
4842	2915	 0.119	MN768724.1_MAG:_Torque_teno_mini_virus_isolate_SAfiA-844-6,_complete_ORF1
4843	2488	 0.119	MN777882.1_MAG:_Torque_teno_midi_virus_isolate_SAfiA-810-111_ORF1_gene,_complete_cds
4844	2503	 0.119	MN775228.1_MAG:_Torque_teno_midi_virus_isolate_SAfiA-334-77_ORF1_gene,_complete_cds
4845	2550	 0.119	MN775051.1_MAG:_Torque_teno_midi_virus_isolate_SAfiA-768-16_ORF1_gene,_complete_cds
4846	2490	 0.119	MN780074.1_MAG:_Torque_teno_midi_virus_isolate_SAfiA-245-46_ORF1_gene,_complete_cds
4847	2575	 0.119	MN780137.1_MAG:_Torque_teno_midi_virus_isolate_SAfiA-611-235_ORF1_gene,_complete_cds
4848	2897	 0.119	MN779316.1_MAG:_Torque_teno_midi_virus_isolate_SAfiA-60-6_ORF1_gene,_complete_cds
4849	2522	 0.119	MN777045.1_MAG:_Torque_teno_midi_virus_isolate_SAfiA-478-69_ORF1_gene,_complete_cds
4850	7455	 0.119	MH118061.1_Coxsackievirus_A10_strain_11-670-1,_complete_genome
4851	2792	 0.119	MN768611.1_MAG:_Torque_teno_mini_virus_isolate_SAfiA-681-10,_complete_ORF1
4852	2682	 0.119	MN776426.1_MAG:_Torque_teno_midi_virus_isolate_SAfiA-128A-31_ORF1_gene,_complete_cds
4853	2998	 0.119	MN770888.1_MAG:_TTV-like_mini_virus_isolate_SAfiA-587-10,_complete_genome
4854	2555	 0.118	MN775443.1_MAG:_Torque_teno_midi_virus_isolate_SAfiA-572-58_ORF1_gene,_complete_cds
4855	2528	 0.118	MN776857.1_MAG:_Torque_teno_midi_virus_isolate_SAfiA-615-1067_ORF1_gene,_complete_cds
4856	2802	 0.118	MN770446.1_MAG:_TTV-like_mini_virus_isolate_SAfiA-552-34,_complete_genome
4857	2855	 0.118	MN771101.1_MAG:_TTV-like_mini_virus_isolate_SAfiA-350-35,_complete_genome
4858	2526	 0.118	MN780313.1_MAG:_Torque_teno_midi_virus_isolate_SAfiA-640-43_ORF1_gene,_complete_cds
4859	2947	 0.118	MN770562.1_MAG:_TTV-like_mini_virus_isolate_SAfiA-350-20,_complete_genome
4860	2883	 0.118	MN769837.1_MAG:_TTV-like_mini_virus_isolate_SAfiA-587-3,_complete_genome
4861	2942	 0.118	MN770127.1_MAG:_TTV-like_mini_virus_isolate_SAfiA-100A-24,_complete_genome
4862	2523	 0.118	MN778371.1_MAG:_Torque_teno_midi_virus_isolate_SAfiA-306B-68_ORF1_gene,_complete_cds
4863	2510	 0.117	MN778547.1_MAG:_Torque_teno_midi_virus_isolate_SAfiA-520-34_ORF1_gene,_complete_cds
4864	2504	 0.117	MN776234.1_MAG:_Torque_teno_midi_virus_isolate_SAfiA-656-28_ORF1_gene,_complete_cds
4865	2573	 0.117	MN775342.1_MAG:_Torque_teno_midi_virus_isolate_SAfiA-234-41_ORF1_gene,_complete_cds
4866	2573	 0.117	MN778143.1_MAG:_Torque_teno_midi_virus_isolate_SAfiA-666-33_ORF1_gene,_complete_cds
4867	2928	 0.117	MN770397.1_MAG:_TTV-like_mini_virus_isolate_SAfiA-684-7,_complete_genome
4868	2920	 0.117	MN769533.1_MAG:_TTV-like_mini_virus_isolate_SAfiA-577-104,_complete_genome
4869	2802	 0.117	MN770962.1_MAG:_TTV-like_mini_virus_isolate_SAfiA-859-18,_complete_genome
4870	2497	 0.117	MN777553.1_MAG:_Torque_teno_midi_virus_isolate_SAfiA-359-36_ORF1_gene,_complete_cds
4871	2808	 0.117	MN770487.1_MAG:_TTV-like_mini_virus_isolate_SAfiA-248-8,_complete_genome
4872	2942	 0.117	MN776336.1_MAG:_Torque_teno_midi_virus_isolate_SAfiA-443-3_ORF1_gene,_complete_cds
4873	2851	 0.117	MN769376.1_MAG:_TTV-like_mini_virus_isolate_SAfiA-425-3,_complete_genome
4874	2667	 0.116	MN779367.1_MAG:_Torque_teno_midi_virus_isolate_SAfiA-38-12_ORF1_gene,_complete_cds
4875	2556	 0.116	MN780007.1_MAG:_Torque_teno_midi_virus_isolate_SAfiA-704-19_ORF1_gene,_complete_cds
4876	2855	 0.116	MN770963.1_MAG:_TTV-like_mini_virus_isolate_SAfiA-895-8,_complete_genome
4877	2463	 0.116	MN779060.1_MAG:_Torque_teno_midi_virus_isolate_SAfiA-268-33_ORF1_gene,_complete_cds
4878	2462	 0.116	MN776461.1_MAG:_Torque_teno_midi_virus_isolate_SAfiA-536-20_ORF1_gene,_complete_cds
4879	2890	 0.116	MN771013.1_MAG:_TTV-like_mini_virus_isolate_SAfiA-810-49,_complete_genome
4880	2660	 0.116	MN768922.1_MAG:_Torque_teno_mini_virus_isolate_SAfiA-254-61,_complete_ORF1
4881	2432	 0.116	MN778858.1_MAG:_Torque_teno_midi_virus_isolate_SAfiA-77-241_ORF1_gene,_complete_cds
4882	2851	 0.116	MN769810.1_MAG:_TTV-like_mini_virus_isolate_SAfiA-886-8,_complete_genome
4883	2672	 0.116	MN775720.1_MAG:_Torque_teno_midi_virus_isolate_SAfiA-573-56_ORF1_gene,_complete_cds
4884	2631	 0.116	MN777935.1_MAG:_Torque_teno_midi_virus_isolate_SAfiA-569-81_ORF1_gene,_complete_cds
4885	2834	 0.116	MN771258.1_MAG:_TTV-like_mini_virus_isolate_SAfiA-528-8,_complete_genome
4886	2531	 0.116	MN780156.1_MAG:_Torque_teno_midi_virus_isolate_SAfiA-11-75_ORF1_gene,_complete_cds
4887	2578	 0.116	MN778181.1_MAG:_Torque_teno_midi_virus_isolate_SAfiA-306B-64_ORF1_gene,_complete_cds
4888	2854	 0.116	MN769105.1_MAG:_TTV-like_mini_virus_isolate_SAfiA-235-34,_complete_genome
4889	2546	 0.116	MN778247.1_MAG:_Torque_teno_midi_virus_isolate_SAfiA-500-93_ORF1_gene,_complete_cds
4890	2546	 0.116	MN775421.1_MAG:_Torque_teno_midi_virus_isolate_SAfiA-367-73_ORF1_gene,_complete_cds
4891	2876	 0.116	MZ286276.1_Anelloviridae_sp._isolate_SP45_C11,_complete_genome
4892	2635	 0.116	MN780050.1_MAG:_Torque_teno_midi_virus_isolate_SAfiA-587-203_ORF1_gene,_complete_cds
4893	2306	 0.115	MN775827.1_MAG:_Torque_teno_midi_virus_isolate_SAfiA-116-92_ORF1_gene,_complete_cds
4894	2555	 0.115	MN777172.1_MAG:_Torque_teno_midi_virus_isolate_SAfiA-659-47_ORF1_gene,_complete_cds
4895	2562	 0.115	MN778697.1_MAG:_Torque_teno_midi_virus_isolate_SAfiA-342-40_ORF1_gene,_complete_cds
4896	2900	 0.115	MN770537.1_MAG:_TTV-like_mini_virus_isolate_SAfiA-327-14,_complete_genome
4897	2458	 0.115	MN780100.1_MAG:_Torque_teno_midi_virus_isolate_SAfiA-235-127_ORF1_gene,_complete_cds
4898	2508	 0.115	MN776149.1_MAG:_Torque_teno_midi_virus_isolate_SAfiA-11-80_ORF1_gene,_complete_cds
4899	2580	 0.115	MN777994.1_MAG:_Torque_teno_midi_virus_isolate_SAfiA-325-42_ORF1_gene,_complete_cds
4900	2623	 0.115	MN777149.1_MAG:_Torque_teno_midi_virus_isolate_SAfiA-895-14_ORF1_gene,_complete_cds
4901	2899	 0.115	MN769606.1_MAG:_TTV-like_mini_virus_isolate_SAfiA-611-145,_complete_genome
4902	2604	 0.115	MN776842.1_MAG:_Torque_teno_midi_virus_isolate_SAfiA-587-237_ORF1_gene,_complete_cds
4903	2995	 0.115	MN770483.1_MAG:_TTV-like_mini_virus_isolate_SAfiA-244-6,_complete_genome
4904	2606	 0.115	MN777925.1_MAG:_Torque_teno_midi_virus_isolate_SAfiA-81-48_ORF1_gene,_complete_cds
4905	2961	 0.115	MZ286246.1_Anelloviridae_sp._isolate_SP19_C1,_complete_genome
4906	2906	 0.115	MN769670.1_MAG:_TTV-like_mini_virus_isolate_SAfiA-6-7,_complete_genome
4907	2518	 0.115	MN779867.1_MAG:_Torque_teno_midi_virus_isolate_SAfiA-644-54_ORF1_gene,_complete_cds
4908	2647	 0.115	MN777020.1_MAG:_Torque_teno_midi_virus_isolate_SAfiA-388-230_ORF1_gene,_complete_cds
4909	2927	 0.114	MN771161.1_MAG:_TTV-like_mini_virus_isolate_SAfiA-676-11,_complete_genome
4910	2511	 0.114	MN777079.1_MAG:_Torque_teno_midi_virus_isolate_SAfiA-598-17_ORF1_gene,_complete_cds
4911	2769	 0.114	MN779730.1_MAG:_Torque_teno_midi_virus_isolate_SAfiA-609-25_ORF1_gene,_complete_cds
4912	2500	 0.114	MN779529.1_MAG:_Torque_teno_midi_virus_isolate_SAfiA-242-119_ORF1_gene,_complete_cds
4913	2738	 0.114	MN771432.1_MAG:_TTV-like_mini_virus_isolate_SAfiA-402-43,_complete_genome
4914	2567	 0.114	MN775424.1_MAG:_Torque_teno_midi_virus_isolate_SAfiA-380-171_ORF1_gene,_complete_cds
4915	2873	 0.114	MN768776.1_MAG:_Torque_teno_mini_virus_isolate_SAfiA-9-4,_complete_ORF1
4916	2832	 0.114	MN770230.1_MAG:_TTV-like_mini_virus_isolate_SAfiA-297-97,_complete_genome
4917	2907	 0.114	MZ286284.1_Anelloviridae_sp._isolate_SP51_C9,_complete_genome
4918	2878	 0.114	MN768747.1_MAG:_Torque_teno_mini_virus_isolate_SAfiA-87-38,_complete_ORF1
4919	2841	 0.114	MN770997.1_MAG:_TTV-like_mini_virus_isolate_SAfiA-402-23,_complete_genome
4920	2856	 0.114	MN768176.1_MAG:_Torque_teno_virus_isolate_SAfiA-124-43_ORF1_gene,_complete_cds
4921	2892	 0.113	MN769196.1_MAG:_TTV-like_mini_virus_isolate_SAfiA-326-10,_complete_genome
4922	2817	 0.113	MN771470.1_MAG:_TTV-like_mini_virus_isolate_SAfiA-590-84,_complete_genome
4923	2731	 0.113	MN778180.1_MAG:_Torque_teno_midi_virus_isolate_SAfiA-275-81_ORF1_gene,_complete_cds
4924	2839	 0.113	MN770041.1_MAG:_TTV-like_mini_virus_isolate_SAfiA-235-45,_complete_genome
4925	2826	 0.113	MN769075.1_MAG:_TTV-like_mini_virus_isolate_SAfiA-127-17,_complete_genome
4926	2945	 0.113	MN776988.1_MAG:_Torque_teno_midi_virus_isolate_SAfiA-697-3_ORF1_gene,_complete_cds
4927	2196	 0.113	MN776570.1_MAG:_Torque_teno_midi_virus_isolate_SAfiA-75-380_ORF1_gene,_complete_cds
4928	2475	 0.113	MN775220.1_MAG:_Torque_teno_midi_virus_isolate_SAfiA-297-163_ORF1_gene,_complete_cds
4929	2837	 0.113	MN771018.1_MAG:_TTV-like_mini_virus_isolate_SAfiA-585-4,_complete_genome
4930	2514	 0.113	MN776820.1_MAG:_Torque_teno_midi_virus_isolate_SAfiA-485-49_ORF1_gene,_complete_cds
4931	2472	 0.113	MN777307.1_MAG:_Torque_teno_midi_virus_isolate_SAfiA-121-33_ORF1_gene,_complete_cds
4932	2533	 0.113	MN777928.1_MAG:_Torque_teno_midi_virus_isolate_SAfiA-334-69_ORF1_gene,_complete_cds
4933	2612	 0.113	MN769004.1_MAG:_Torque_teno_mini_virus_isolate_SAfiA-306B-59,_complete_ORF1
4934	2655	 0.113	MN778295.1_MAG:_Torque_teno_midi_virus_isolate_SAfiA-625-25_ORF1_gene,_complete_cds
4935	2389	 0.112	MN777406.1_MAG:_Torque_teno_midi_virus_isolate_SAfiA-43-26_ORF1_gene,_complete_cds
4936	2597	 0.112	MN775700.1_MAG:_Torque_teno_midi_virus_isolate_SAfiA-868-41_ORF1_gene,_complete_cds
4937	2831	 0.112	MN770497.1_MAG:_TTV-like_mini_virus_isolate_SAfiA-263-19,_complete_genome
4938	2598	 0.112	MN775379.1_MAG:_Torque_teno_midi_virus_isolate_SAfiA-483-3_ORF1_gene,_complete_cds
4939	2737	 0.112	MN771471.1_MAG:_TTV-like_mini_virus_isolate_SAfiA-590-90,_complete_genome
4940	2555	 0.112	MN776010.1_MAG:_Torque_teno_midi_virus_isolate_SAfiA-469-18_ORF1_gene,_complete_cds
4941	2884	 0.112	MN769631.1_MAG:_TTV-like_mini_virus_isolate_SAfiA-626-26,_complete_genome
4942	2900	 0.112	MN770870.1_MAG:_TTV-like_mini_virus_isolate_SAfiA-358-5,_complete_genome
4943	2566	 0.112	MN780080.1_MAG:_Torque_teno_midi_virus_isolate_SAfiA-449-24_ORF1_gene,_complete_cds
4944	2456	 0.112	MN779560.1_MAG:_Torque_teno_midi_virus_isolate_SAfiA-587-323_ORF1_gene,_complete_cds
4945	2945	 0.112	MN779327.1_MAG:_Torque_teno_midi_virus_isolate_SAfiA-761-10_ORF1_gene,_complete_cds
4946	2787	 0.112	MN769569.1_MAG:_TTV-like_mini_virus_isolate_SAfiA-587-98,_complete_genome
4947	2487	 0.112	MN779500.1_MAG:_Torque_teno_midi_virus_isolate_SAfiA-39-44_ORF1_gene,_complete_cds
4948	2935	 0.112	MN770849.1_MAG:_TTV-like_mini_virus_isolate_SAfiA-327-11,_complete_genome
4949	2978	 0.112	MN768790.1_MAG:_Torque_teno_mini_virus_isolate_SAfiA-79-2,_complete_ORF1
4950	2888	 0.112	MN771413.1_MAG:_TTV-like_mini_virus_isolate_SAfiA-350-21,_complete_genome
4951	2582	 0.112	MN779772.1_MAG:_Torque_teno_midi_virus_isolate_SAfiA-716-24_ORF1_gene,_complete_cds
4952	2637	 0.112	MN779571.1_MAG:_Torque_teno_midi_virus_isolate_SAfiA-642-57_ORF1_gene,_complete_cds
4953	2607	 0.112	MN777511.1_MAG:_Torque_teno_midi_virus_isolate_SAfiA-268-20_ORF1_gene,_complete_cds
4954	2459	 0.111	MN779971.1_MAG:_Torque_teno_midi_virus_isolate_SAfiA-238-31_ORF1_gene,_complete_cds
4955	2569	 0.111	MN775369.1_MAG:_Torque_teno_midi_virus_isolate_SAfiA-309-43_ORF1_gene,_complete_cds
4956	2640	 0.111	MN779231.1_MAG:_Torque_teno_midi_virus_isolate_SAfiA-866-521_ORF1_gene,_complete_cds
4957	2550	 0.111	MN779125.1_MAG:_Torque_teno_midi_virus_isolate_SAfiA-251-31_ORF1_gene,_complete_cds
4958	2574	 0.111	MN780452.1_MAG:_Torque_teno_midi_virus_isolate_SAfiA-334-60_ORF1_gene,_complete_cds
4959	2870	 0.111	MN769461.1_MAG:_TTV-like_mini_virus_isolate_SAfiA-522-5,_complete_genome
4960	2795	 0.111	MN779695.1_MAG:_Torque_teno_midi_virus_isolate_SAfiA-481-18_ORF1_gene,_complete_cds
4961	2624	 0.111	MN779244.1_MAG:_Torque_teno_midi_virus_isolate_SAfiA-506-6_ORF1_gene,_complete_cds
4962	3156	 0.111	MN780475.1_MAG:_Torque_teno_midi_virus_isolate_SAfiA-250-3_ORF1_gene,_complete_cds
4963	2912	 0.111	MN771231.1_MAG:_TTV-like_mini_virus_isolate_SAfiA-321-9,_complete_genome
4964	2727	 0.111	MN770530.1_MAG:_TTV-like_mini_virus_isolate_SAfiA-319-29,_complete_genome
4965	2938	 0.111	MN771030.1_MAG:_TTV-like_mini_virus_isolate_SAfiA-87-21,_complete_genome
4966	2813	 0.111	MN771315.1_MAG:_TTV-like_mini_virus_isolate_SAfiA-810-60,_complete_genome
4967	2481	 0.111	MN778804.1_MAG:_Torque_teno_midi_virus_isolate_SAfiA-598-15_ORF1_gene,_complete_cds
4968	2761	 0.111	MN768723.1_MAG:_Torque_teno_mini_virus_isolate_SAfiA-844-10,_complete_ORF1
4969	2938	 0.110	MZ286171.1_Anelloviridae_sp._isolate_SP48_C4,_complete_genome
4970	2740	 0.110	MN768580.1_MAG:_Torque_teno_mini_virus_isolate_SAfiA-659-21,_complete_ORF1
4971	2627	 0.110	MN775406.1_MAG:_Torque_teno_midi_virus_isolate_SAfiA-254-69_ORF1_gene,_complete_cds
4972	7488	 0.110	MH118074.1_Coxsackievirus_A10_strain_10-381-2,_complete_genome
4973	2654	 0.110	MN768973.1_MAG:_Torque_teno_mini_virus_isolate_SAfiA-300-32,_complete_ORF1
4974	2891	 0.110	MN770525.1_MAG:_TTV-like_mini_virus_isolate_SAfiA-312-9,_complete_genome
4975	2572	 0.110	MN775321.1_MAG:_Torque_teno_midi_virus_isolate_SAfiA-327-33_ORF1_gene,_complete_cds
4976	2783	 0.110	MN769548.1_MAG:_TTV-like_mini_virus_isolate_SAfiA-582-19,_complete_genome
4977	2621	 0.110	MN777166.1_MAG:_Torque_teno_midi_virus_isolate_SAfiA-507-9_ORF1_gene,_complete_cds
4978	2916	 0.110	MN769089.1_MAG:_TTV-like_mini_virus_isolate_SAfiA-227-11,_complete_genome
4979	2940	 0.110	MN775963.1_MAG:_Torque_teno_midi_virus_isolate_SAfiA-129-3_ORF1_gene,_complete_cds
4980	2785	 0.110	MN770499.1_MAG:_TTV-like_mini_virus_isolate_SAfiA-265-22,_complete_genome
4981	2666	 0.110	MN777724.1_MAG:_Torque_teno_midi_virus_isolate_SAfiA-118-14_ORF1_gene,_complete_cds
4982	3033	 0.109	MN767457.1_MAG:_Torque_teno_virus_isolate_SAfiA-268-9_ORF1_gene,_complete_cds
4983	2514	 0.109	MN780117.1_MAG:_Torque_teno_midi_virus_isolate_SAfiA-254-118_ORF1_gene,_complete_cds
4984	2491	 0.109	MN778540.1_MAG:_Torque_teno_midi_virus_isolate_SAfiA-469-21_ORF1_gene,_complete_cds
4985	2795	 0.109	MN769505.1_MAG:_TTV-like_mini_virus_isolate_SAfiA-569-45,_complete_genome
4986	2858	 0.109	MN768652.1_MAG:_Torque_teno_mini_virus_isolate_SAfiA-717-5,_complete_ORF1
4987	2503	 0.109	MN775982.1_MAG:_Torque_teno_midi_virus_isolate_SAfiA-297-157_ORF1_gene,_complete_cds
4988	2844	 0.109	MN770229.1_MAG:_TTV-like_mini_virus_isolate_SAfiA-404-10,_complete_genome
4989	2585	 0.109	MN777430.1_MAG:_Torque_teno_midi_virus_isolate_SAfiA-577-235_ORF1_gene,_complete_cds
4990	2604	 0.109	MN778213.1_MAG:_Torque_teno_midi_virus_isolate_SAfiA-367-58_ORF1_gene,_complete_cds
4991	2784	 0.109	MN771284.1_MAG:_TTV-like_mini_virus_isolate_SAfiA-656-11,_complete_genome
4992	3020	 0.108	MN780374.1_MAG:_Torque_teno_midi_virus_isolate_SAfiA-33-8_ORF1_gene,_complete_cds
4993	2599	 0.108	MN775804.1_MAG:_Torque_teno_midi_virus_isolate_SAfiA-478-54_ORF1_gene,_complete_cds
4994	2800	 0.108	MN770548.1_MAG:_TTV-like_mini_virus_isolate_SAfiA-337-8,_complete_genome
4995	2634	 0.108	MN776645.1_MAG:_Torque_teno_midi_virus_isolate_SAfiA-442-36_ORF1_gene,_complete_cds
4996	2502	 0.108	MN777217.1_MAG:_Torque_teno_midi_virus_isolate_SAfiA-609-37_ORF1_gene,_complete_cds
4997	2713	 0.108	MZ286247.1_Anelloviridae_sp._isolate_SP20_C5,_complete_genome
4998	2908	 0.108	MZ286278.1_Anelloviridae_sp._isolate_SP46_C2,_complete_genome
4999	2618	 0.108	MN776898.1_MAG:_Torque_teno_midi_virus_isolate_SAfiA-315-47_ORF1_gene,_complete_cds
5000	2933	 0.108	MN769949.1_MAG:_TTV-like_mini_virus_isolate_SAfiA-565-9,_complete_genome
5001	2650	 0.108	MN768995.1_MAG:_Torque_teno_mini_virus_isolate_SAfiA-306A-57,_complete_ORF1
5002	2571	 0.108	MN776258.1_MAG:_Torque_teno_midi_virus_isolate_SAfiA-334-61_ORF1_gene,_complete_cds
5003	2433	 0.108	MN777189.1_MAG:_Torque_teno_midi_virus_isolate_SAfiA-254-142_ORF1_gene,_complete_cds
5004	2785	 0.108	MN769144.1_MAG:_TTV-like_mini_virus_isolate_SAfiA-267-25,_complete_genome
5005	2947	 0.108	MN770765.1_MAG:_TTV-like_mini_virus_isolate_SAfiA-782-8,_complete_genome
5006	2472	 0.108	MN775643.1_MAG:_Torque_teno_midi_virus_isolate_SAfiA-37-27_ORF1_gene,_complete_cds
5007	2862	 0.108	MN769446.1_MAG:_TTV-like_mini_virus_isolate_SAfiA-509-8,_complete_genome
5008	2888	 0.108	MN770280.1_MAG:_TTV-like_mini_virus_isolate_SAfiA-10-14,_complete_genome
5009	2447	 0.108	MN768824.1_MAG:_Torque_teno_mini_virus_isolate_SAfiA-590-16,_complete_ORF1
5010	2645	 0.108	MN768897.1_MAG:_Torque_teno_mini_virus_isolate_SAfiA-245-33,_complete_ORF1
5011	2541	 0.107	MN779070.1_MAG:_Torque_teno_midi_virus_isolate_SAfiA-4-45_ORF1_gene,_complete_cds
5012	3230	 0.107	MZ286024.1_Anelloviridae_sp._isolate_SP16_C4,_complete_genome
5013	2887	 0.107	MN770633.1_MAG:_TTV-like_mini_virus_isolate_SAfiA-455-7,_complete_genome
5014	2817	 0.107	MN768738.1_MAG:_Torque_teno_mini_virus_isolate_SAfiA-865-133,_complete_ORF1
5015	2884	 0.107	MN769293.1_MAG:_TTV-like_mini_virus_isolate_SAfiA-376-22,_complete_genome
5016	2792	 0.107	MN769724.1_MAG:_TTV-like_mini_virus_isolate_SAfiA-761-14,_complete_genome
5017	2515	 0.107	MN776453.1_MAG:_Torque_teno_midi_virus_isolate_SAfiA-435-23_ORF1_gene,_complete_cds
5018	2539	 0.107	MN778177.1_MAG:_Torque_teno_midi_virus_isolate_SAfiA-263-48_ORF1_gene,_complete_cds
5019	2708	 0.107	MN779155.1_MAG:_Torque_teno_midi_virus_isolate_SAfiA-362-28_ORF1_gene,_complete_cds
5020	2787	 0.107	MN768811.1_MAG:_Torque_teno_mini_virus_isolate_SAfiA-89-8,_complete_ORF1
5021	2548	 0.107	MN776463.1_MAG:_Torque_teno_midi_virus_isolate_SAfiA-566-51_ORF1_gene,_complete_cds
5022	2710	 0.107	MN776824.1_MAG:_Torque_teno_midi_virus_isolate_SAfiA-502-29_ORF1_gene,_complete_cds
5023	2616	 0.107	MN778603.1_MAG:_Torque_teno_midi_virus_isolate_SAfiA-757-12_ORF1_gene,_complete_cds
5024	2724	 0.107	MN769924.1_MAG:_TTV-like_mini_virus_isolate_SAfiA-388-159,_complete_genome
5025	2627	 0.106	MN778093.1_MAG:_Torque_teno_midi_virus_isolate_SAfiA-644-14_ORF1_gene,_complete_cds
5026	2269	 0.106	MN780057.1_MAG:_Torque_teno_midi_virus_isolate_SAfiA-644-64_ORF1_gene,_complete_cds
5027	2538	 0.106	MN779576.1_MAG:_Torque_teno_midi_virus_isolate_SAfiA-76-10_ORF1_gene,_complete_cds
5028	2933	 0.106	MN770227.1_MAG:_TTV-like_mini_virus_isolate_SAfiA-39-4,_complete_genome
5029	2549	 0.106	MN777576.1_MAG:_Torque_teno_midi_virus_isolate_SAfiA-414-58_ORF1_gene,_complete_cds
5030	2436	 0.106	MN777827.1_MAG:_Torque_teno_midi_virus_isolate_SAfiA-514-61_ORF1_gene,_complete_cds
5031	2513	 0.106	MN776679.1_MAG:_Torque_teno_midi_virus_isolate_SAfiA-593-71_ORF1_gene,_complete_cds
5032	2570	 0.106	MN780052.1_MAG:_Torque_teno_midi_virus_isolate_SAfiA-60-17_ORF1_gene,_complete_cds
5033	2719	 0.106	MN768930.1_MAG:_Torque_teno_mini_virus_isolate_SAfiA-263-25,_complete_ORF1
5034	2262	 0.106	MN778026.1_MAG:_Torque_teno_midi_virus_isolate_SAfiA-507-16_ORF1_gene,_complete_cds
5035	2507	 0.106	OL694789.1_Torque_teno_mini_virus_18_isolate_TTMV-AMS-S1-44_ORF1_gene,_complete_cds
5036	2620	 0.106	MN779860.1_MAG:_Torque_teno_midi_virus_isolate_SAfiA-599-15_ORF1_gene,_complete_cds
5037	2530	 0.106	MN776605.1_MAG:_Torque_teno_midi_virus_isolate_SAfiA-248-28_ORF1_gene,_complete_cds
5038	2518	 0.106	MN778009.1_MAG:_Torque_teno_midi_virus_isolate_SAfiA-380-189_ORF1_gene,_complete_cds
5039	2892	 0.105	MN774960.1_MAG:_Torque_teno_midi_virus_isolate_SAfiA-358-1,_complete_genome
5040	2568	 0.105	MN778846.1_MAG:_Torque_teno_midi_virus_isolate_SAfiA-704-17_ORF1_gene,_complete_cds
5041	2837	 0.105	MN771165.1_MAG:_TTV-like_mini_virus_isolate_SAfiA-685-14,_complete_genome
5042	2795	 0.105	MN769287.1_MAG:_TTV-like_mini_virus_isolate_SAfiA-369-33,_complete_genome
5043	2623	 0.105	MN778832.1_MAG:_Torque_teno_midi_virus_isolate_SAfiA-659-36_ORF1_gene,_complete_cds
5044	2394	 0.105	MN777594.1_MAG:_Torque_teno_midi_virus_isolate_SAfiA-478-78_ORF1_gene,_complete_cds
5045	2471	 0.105	MN778395.1_MAG:_Torque_teno_midi_virus_isolate_SAfiA-385-26_ORF1_gene,_complete_cds
5046	2886	 0.105	MN771216.1_MAG:_TTV-like_mini_virus_isolate_SAfiA-100A-27,_complete_genome
5047	2567	 0.105	MN775968.1_MAG:_Torque_teno_midi_virus_isolate_SAfiA-235-101_ORF1_gene,_complete_cds
5048	2632	 0.105	MN775452.1_MAG:_Torque_teno_midi_virus_isolate_SAfiA-621-13_ORF1_gene,_complete_cds
5049	2435	 0.105	MN775243.1_MAG:_Torque_teno_midi_virus_isolate_SAfiA-401-59_ORF1_gene,_complete_cds
5050	2627	 0.105	MN777167.1_MAG:_Torque_teno_midi_virus_isolate_SAfiA-52-9_ORF1_gene,_complete_cds
5051	2960	 0.105	MN771441.1_MAG:_TTV-like_mini_virus_isolate_SAfiA-500-11,_complete_genome
5052	2900	 0.105	MN770059.1_MAG:_TTV-like_mini_virus_isolate_SAfiA-35-28,_complete_genome
5053	2658	 0.105	MN777671.1_MAG:_Torque_teno_midi_virus_isolate_SAfiA-676-43_ORF1_gene,_complete_cds
5054	2819	 0.105	MN769546.1_MAG:_TTV-like_mini_virus_isolate_SAfiA-581-44,_complete_genome
5055	2645	 0.104	MN778294.1_MAG:_Torque_teno_midi_virus_isolate_SAfiA-625-21_ORF1_gene,_complete_cds
5056	2657	 0.104	MN779767.1_MAG:_Torque_teno_midi_virus_isolate_SAfiA-710-16_ORF1_gene,_complete_cds
5057	2668	 0.104	MN776443.1_MAG:_Torque_teno_midi_virus_isolate_SAfiA-353-54_ORF1_gene,_complete_cds
5058	2830	 0.104	MN768699.1_MAG:_Torque_teno_mini_virus_isolate_SAfiA-812-50,_complete_ORF1
5059	2969	 0.104	MN771105.1_MAG:_TTV-like_mini_virus_isolate_SAfiA-37-5,_complete_genome
5060	2893	 0.104	MN771128.1_MAG:_TTV-like_mini_virus_isolate_SAfiA-483-1,_complete_genome
5061	2309	 0.104	MN778950.1_MAG:_Torque_teno_midi_virus_isolate_SAfiA-368-40_ORF1_gene,_complete_cds
5062	2845	 0.104	MN770575.1_MAG:_TTV-like_mini_virus_isolate_SAfiA-359-15,_complete_genome
5063	2606	 0.104	MN779165.1_MAG:_Torque_teno_midi_virus_isolate_SAfiA-401-44_ORF1_gene,_complete_cds
5064	2906	 0.104	MN769736.1_MAG:_TTV-like_mini_virus_isolate_SAfiA-78-3,_complete_genome
5065	2494	 0.104	MN779372.1_MAG:_Torque_teno_midi_virus_isolate_SAfiA-402-75_ORF1_gene,_complete_cds
5066	2836	 0.104	MN769755.1_MAG:_TTV-like_mini_virus_isolate_SAfiA-823-6,_complete_genome
5067	2639	 0.104	MN778337.1_MAG:_Torque_teno_midi_virus_isolate_SAfiA-87-82_ORF1_gene,_complete_cds
5068	2638	 0.104	MN775558.1_MAG:_Torque_teno_midi_virus_isolate_SAfiA-615-945_ORF1_gene,_complete_cds
5069	2486	 0.104	MN775022.1_MAG:_Torque_teno_midi_virus_isolate_SAfiA-587-294_ORF1_gene,_complete_cds
5070	2595	 0.104	MN779780.1_MAG:_Torque_teno_midi_virus_isolate_SAfiA-810-95_ORF1_gene,_complete_cds
5071	2666	 0.104	MN776953.1_MAG:_Torque_teno_midi_virus_isolate_SAfiA-297-122_ORF1_gene,_complete_cds
5072	2533	 0.104	MN776407.1_MAG:_Torque_teno_midi_virus_isolate_SAfiA-418-38_ORF1_gene,_complete_cds
5073	2895	 0.104	MN776331.1_MAG:_Torque_teno_midi_virus_isolate_SAfiA-391-10_ORF1_gene,_complete_cds
5074	2650	 0.104	MN768812.1_MAG:_Torque_teno_mini_virus_isolate_SAfiA-92-26,_complete_ORF1
5075	2641	 0.103	MN776482.1_MAG:_Torque_teno_midi_virus_isolate_SAfiA-700-6_ORF1_gene,_complete_cds
5076	2870	 0.103	MN769777.1_MAG:_TTV-like_mini_virus_isolate_SAfiA-859-25,_complete_genome
5077	2757	 0.103	MN769556.1_MAG:_TTV-like_mini_virus_isolate_SAfiA-587-114,_complete_genome
5078	2549	 0.103	MN775362.1_MAG:_Torque_teno_midi_virus_isolate_SAfiA-240-28_ORF1_gene,_complete_cds
5079	2613	 0.103	MN776628.1_MAG:_Torque_teno_midi_virus_isolate_SAfiA-346-95_ORF1_gene,_complete_cds
5080	2479	 0.103	MN779355.1_MAG:_Torque_teno_midi_virus_isolate_SAfiA-334-81_ORF1_gene,_complete_cds
5081	2575	 0.103	MN776252.1_MAG:_Torque_teno_midi_virus_isolate_SAfiA-238-25_ORF1_gene,_complete_cds
5082	2852	 0.103	MN779334.1_MAG:_Torque_teno_midi_virus_isolate_SAfiA-863-11_ORF1_gene,_complete_cds
5083	2766	 0.103	MN768710.1_MAG:_Torque_teno_mini_virus_isolate_SAfiA-831-15,_complete_ORF1
5084	2521	 0.103	MN780049.1_MAG:_Torque_teno_midi_virus_isolate_SAfiA-581-92_ORF1_gene,_complete_cds
5085	2630	 0.103	MN775427.1_MAG:_Torque_teno_midi_virus_isolate_SAfiA-388-241_ORF1_gene,_complete_cds
5086	2454	 0.103	MN778199.1_MAG:_Torque_teno_midi_virus_isolate_SAfiA-346-190_ORF1_gene,_complete_cds
5087	2748	 0.103	MN768765.1_MAG:_Torque_teno_mini_virus_isolate_SAfiA-884-3,_complete_ORF1
5088	2526	 0.103	MN778522.1_MAG:_Torque_teno_midi_virus_isolate_SAfiA-388-292_ORF1_gene,_complete_cds
5089	2649	 0.103	MN777107.1_MAG:_Torque_teno_midi_virus_isolate_SAfiA-642-56_ORF1_gene,_complete_cds
5090	2890	 0.103	MN771445.1_MAG:_TTV-like_mini_virus_isolate_SAfiA-514-27,_complete_genome
5091	2708	 0.103	MN776637.1_MAG:_Torque_teno_midi_virus_isolate_SAfiA-398-26_ORF1_gene,_complete_cds
5092	2512	 0.103	MN780172.1_MAG:_Torque_teno_midi_virus_isolate_SAfiA-254-119_ORF1_gene,_complete_cds
5093	2873	 0.103	MN770608.1_MAG:_TTV-like_mini_virus_isolate_SAfiA-388-66,_complete_genome
5094	2511	 0.103	MN777735.1_MAG:_Torque_teno_midi_virus_isolate_SAfiA-127-36_ORF1_gene,_complete_cds
5095	2655	 0.103	MN779145.1_MAG:_Torque_teno_midi_virus_isolate_SAfiA-342-28_ORF1_gene,_complete_cds
5096	2955	 0.103	MN770372.1_MAG:_TTV-like_mini_virus_isolate_SAfiA-520-12,_complete_genome
5097	2546	 0.103	MN775287.1_MAG:_Torque_teno_midi_virus_isolate_SAfiA-659-49_ORF1_gene,_complete_cds
5098	2612	 0.103	MN779516.1_MAG:_Torque_teno_midi_virus_isolate_SAfiA-621-17_ORF1_gene,_complete_cds
5099	2518	 0.103	MN780189.1_MAG:_Torque_teno_midi_virus_isolate_SAfiA-313A-74_ORF1_gene,_complete_cds
5100	2492	 0.102	MN778124.1_MAG:_Torque_teno_midi_virus_isolate_SAfiA-487-4_ORF1_gene,_complete_cds
5101	2906	 0.102	MN769735.1_MAG:_TTV-like_mini_virus_isolate_SAfiA-782-10,_complete_genome
5102	2880	 0.102	MZ286190.1_Anelloviridae_sp._isolate_SP51_C14,_complete_genome
5103	2286	 0.102	MN778514.1_MAG:_Torque_teno_midi_virus_isolate_SAfiA-352-48_ORF1_gene,_complete_cds
5104	2633	 0.102	MN778995.1_MAG:_Torque_teno_midi_virus_isolate_SAfiA-541-31_ORF1_gene,_complete_cds
5105	2579	 0.102	MN777534.1_MAG:_Torque_teno_midi_virus_isolate_SAfiA-33-51_ORF1_gene,_complete_cds
5106	2814	 0.102	MN770442.1_MAG:_TTV-like_mini_virus_isolate_SAfiA-50-17,_complete_genome
5107	2950	 0.102	MN770435.1_MAG:_TTV-like_mini_virus_isolate_SAfiA-321-8,_complete_genome
5108	2604	 0.102	MN778955.1_MAG:_Torque_teno_midi_virus_isolate_SAfiA-423-15_ORF1_gene,_complete_cds
5109	2446	 0.102	MN775196.1_MAG:_Torque_teno_midi_virus_isolate_SAfiA-107-63_ORF1_gene,_complete_cds
5110	2933	 0.102	MN769413.1_MAG:_TTV-like_mini_virus_isolate_SAfiA-478-14,_complete_genome
5111	2570	 0.102	MN775384.1_MAG:_Torque_teno_midi_virus_isolate_SAfiA-593-55_ORF1_gene,_complete_cds
5112	2913	 0.102	MN769006.1_MAG:_Torque_teno_mini_virus_isolate_SAfiA-308-23,_complete_ORF1
5113	2740	 0.102	MN778661.1_MAG:_Torque_teno_midi_virus_isolate_SAfiA-269-8_ORF1_gene,_complete_cds
5114	2906	 0.102	MN769817.1_MAG:_TTV-like_mini_virus_isolate_SAfiA-897-0,_complete_genome
5115	2728	 0.102	MN778701.1_MAG:_Torque_teno_midi_virus_isolate_SAfiA-346-58_ORF1_gene,_complete_cds
5116	2834	 0.102	MN769049.1_MAG:_TTV-like_mini_virus_isolate_SAfiA-11-26,_complete_genome
5117	2548	 0.101	MN779234.1_MAG:_Torque_teno_midi_virus_isolate_SAfiA-87-102_ORF1_gene,_complete_cds
5118	2642	 0.101	MN768755.1_MAG:_Torque_teno_mini_virus_isolate_SAfiA-87-76,_complete_ORF1
5119	2402	 0.101	MN776518.1_MAG:_Torque_teno_midi_virus_isolate_SAfiA-31-50_ORF1_gene,_complete_cds
5120	2891	 0.101	MN769492.1_MAG:_TTV-like_mini_virus_isolate_SAfiA-563-9,_complete_genome
5121	7499	 0.101	MH118034.1_Coxsackievirus_A10_strain_17-2548-1,_complete_genome
5122	2549	 0.101	MN779395.1_MAG:_Torque_teno_midi_virus_isolate_SAfiA-625-46_ORF1_gene,_complete_cds
5123	2445	 0.101	MN779188.1_MAG:_Torque_teno_midi_virus_isolate_SAfiA-555-23_ORF1_gene,_complete_cds
5124	2849	 0.101	MN769377.1_MAG:_TTV-like_mini_virus_isolate_SAfiA-427-6,_complete_genome
5125	2860	 0.101	MZ286249.1_Anelloviridae_sp._isolate_SP23_C3,_complete_genome
5126	2912	 0.101	MN777965.1_MAG:_Torque_teno_midi_virus_isolate_SAfiA-892-12_ORF1_gene,_complete_cds
5127	2896	 0.101	MN774971.1_MAG:_Torque_teno_midi_virus_isolate_SAfiA-640-34,_complete_genome
5128	2823	 0.101	MN769906.1_MAG:_TTV-like_mini_virus_isolate_SAfiA-348-11,_complete_genome
5129	2668	 0.101	MN779664.1_MAG:_Torque_teno_midi_virus_isolate_SAfiA-380-118_ORF1_gene,_complete_cds
5130	2826	 0.101	MN769133.1_MAG:_TTV-like_mini_virus_isolate_SAfiA-256-14,_complete_genome
5131	2826	 0.101	MN769553.1_MAG:_TTV-like_mini_virus_isolate_SAfiA-583-15,_complete_genome
5132	2862	 0.101	MN769860.1_MAG:_TTV-like_mini_virus_isolate_SAfiA-11-27,_complete_genome
5133	2974	 0.100	MN769952.1_MAG:_TTV-like_mini_virus_isolate_SAfiA-57-10,_complete_genome
5134	2526	 0.100	MN776196.1_MAG:_Torque_teno_midi_virus_isolate_SAfiA-500-101_ORF1_gene,_complete_cds
5135	2645	 0.100	MN779177.1_MAG:_Torque_teno_midi_virus_isolate_SAfiA-475-25_ORF1_gene,_complete_cds
5136	2929	 0.100	MN770315.1_MAG:_TTV-like_mini_virus_isolate_SAfiA-468-7,_complete_genome
5137	2571	 0.100	MN778444.1_MAG:_Torque_teno_midi_virus_isolate_SAfiA-628-93_ORF1_gene,_complete_cds
5138	2840	 0.100	MN771080.1_MAG:_TTV-like_mini_virus_isolate_SAfiA-113-19,_complete_genome
5139	2921	 0.100	MN771148.1_MAG:_TTV-like_mini_virus_isolate_SAfiA-5B-5,_complete_genome
5140	2915	 0.100	MN769744.1_MAG:_TTV-like_mini_virus_isolate_SAfiA-808-4,_complete_genome
5141	2750	 0.100	MN768796.1_MAG:_Torque_teno_mini_virus_isolate_SAfiA-8B-5,_complete_ORF1
5142	2513	 0.100	MN775595.1_MAG:_Torque_teno_midi_virus_isolate_SAfiA-355-23_ORF1_gene,_complete_cds
5143	2627	 0.100	MN779152.1_MAG:_Torque_teno_midi_virus_isolate_SAfiA-353-90_ORF1_gene,_complete_cds
5144	2700	 0.099	MN768627.1_MAG:_Torque_teno_mini_virus_isolate_SAfiA-697-11,_complete_ORF1
5145	2634	 0.099	MN777930.1_MAG:_Torque_teno_midi_virus_isolate_SAfiA-379-1_ORF1_gene,_complete_cds
5146	2532	 0.099	MN779831.1_MAG:_Torque_teno_midi_virus_isolate_SAfiA-380-185_ORF1_gene,_complete_cds
5147	2676	 0.099	MN777392.1_MAG:_Torque_teno_midi_virus_isolate_SAfiA-380-113_ORF1_gene,_complete_cds
5148	2494	 0.099	MN776377.1_MAG:_Torque_teno_midi_virus_isolate_SAfiA-546-33_ORF1_gene,_complete_cds
5149	2299	 0.099	MN777184.1_MAG:_Torque_teno_midi_virus_isolate_SAfiA-591-47_ORF1_gene,_complete_cds
5150	2932	 0.099	MN769904.1_MAG:_TTV-like_mini_virus_isolate_SAfiA-346-15,_complete_genome
5151	2920	 0.099	MN771167.1_MAG:_TTV-like_mini_virus_isolate_SAfiA-686-8,_complete_genome
5152	2498	 0.099	MN777797.1_MAG:_Torque_teno_midi_virus_isolate_SAfiA-388-303_ORF1_gene,_complete_cds
5153	2508	 0.099	MN776684.1_MAG:_Torque_teno_midi_virus_isolate_SAfiA-5A-48_ORF1_gene,_complete_cds
5154	2987	 0.099	MN769641.1_MAG:_TTV-like_mini_virus_isolate_SAfiA-640-6,_complete_genome
5155	2923	 0.099	MN769184.1_MAG:_TTV-like_mini_virus_isolate_SAfiA-317-9,_complete_genome
5156	2603	 0.099	MN775780.1_MAG:_Torque_teno_midi_virus_isolate_SAfiA-543-56_ORF1_gene,_complete_cds
5157	2945	 0.099	MN769191.1_MAG:_TTV-like_mini_virus_isolate_SAfiA-322-2,_complete_genome
5158	2567	 0.099	MN778754.1_MAG:_Torque_teno_midi_virus_isolate_SAfiA-452-12_ORF1_gene,_complete_cds
5159	2579	 0.098	MN776928.1_MAG:_Torque_teno_midi_virus_isolate_SAfiA-123-55_ORF1_gene,_complete_cds
5160	2546	 0.098	MN779117.1_MAG:_Torque_teno_midi_virus_isolate_SAfiA-242-101_ORF1_gene,_complete_cds
5161	2554	 0.098	MN778970.1_MAG:_Torque_teno_midi_virus_isolate_SAfiA-812-74_ORF1_gene,_complete_cds
5162	2603	 0.098	MN779812.1_MAG:_Torque_teno_midi_virus_isolate_SAfiA-262-15_ORF1_gene,_complete_cds
5163	2907	 0.098	MN770250.1_MAG:_TTV-like_mini_virus_isolate_SAfiA-316-24,_complete_genome
5164	2940	 0.098	MN771204.1_MAG:_TTV-like_mini_virus_isolate_SAfiA-393-16,_complete_genome
5165	3085	 0.098	MN776314.1_MAG:_Torque_teno_midi_virus_isolate_SAfiA-235-9_ORF1_gene,_complete_cds
5166	2834	 0.098	MN770794.1_MAG:_TTV-like_mini_virus_isolate_SAfiA-87-40,_complete_genome
5167	2705	 0.098	MN768707.1_MAG:_Torque_teno_mini_virus_isolate_SAfiA-823-12,_complete_ORF1
5168	2780	 0.098	MN770478.1_MAG:_TTV-like_mini_virus_isolate_SAfiA-235-52,_complete_genome
5169	2829	 0.098	OL694780.1_Torque_teno_midi_virus_isolate_TTMDV-AMS-S1-35_ORF1_gene,_complete_cds
5170	2928	 0.097	MN770450.1_MAG:_TTV-like_mini_virus_isolate_SAfiA-107-18,_complete_genome
5171	2620	 0.097	MN777288.1_MAG:_Torque_teno_midi_virus_isolate_SAfiA-315-46_ORF1_gene,_complete_cds
5172	2680	 0.097	MZ286065.1_Anelloviridae_sp._isolate_SP24_C8,_complete_genome
5173	2924	 0.097	MN770527.1_MAG:_TTV-like_mini_virus_isolate_SAfiA-316-14,_complete_genome
5174	2417	 0.097	MN775063.1_MAG:_Torque_teno_midi_virus_isolate_SAfiA-350-83_ORF1_gene,_complete_cds
5175	7467	 0.097	MH118076.1_Coxsackievirus_A10_strain_10-3445-2,_complete_genome
5176	2561	 0.097	MN775393.1_MAG:_Torque_teno_midi_virus_isolate_SAfiA-859-34_ORF1_gene,_complete_cds
5177	2987	 0.097	MN770377.1_MAG:_TTV-like_mini_virus_isolate_SAfiA-562-6,_complete_genome
5178	2492	 0.097	MN780000.1_MAG:_Torque_teno_midi_virus_isolate_SAfiA-628-117_ORF1_gene,_complete_cds
5179	2923	 0.097	MN771151.1_MAG:_TTV-like_mini_virus_isolate_SAfiA-6-12,_complete_genome
5180	2893	 0.097	MN771421.1_MAG:_TTV-like_mini_virus_isolate_SAfiA-370-6,_complete_genome
5181	2803	 0.097	MZ286084.1_Anelloviridae_sp._isolate_SP29_C1,_complete_genome
5182	2891	 0.097	MN770360.1_MAG:_TTV-like_mini_virus_isolate_SAfiA-387-4,_complete_genome
5183	2824	 0.097	MN770432.1_MAG:_TTV-like_mini_virus_isolate_SAfiA-40-4,_complete_genome
5184	3007	 0.097	MN780441.1_MAG:_Torque_teno_midi_virus_isolate_SAfiA-296-16_ORF1_gene,_complete_cds
5185	2845	 0.097	MN768806.1_MAG:_Torque_teno_mini_virus_isolate_SAfiA-888-9,_complete_ORF1
5186	2889	 0.097	MN770009.1_MAG:_TTV-like_mini_virus_isolate_SAfiA-766-283,_complete_genome
5187	2948	 0.096	MN769542.1_MAG:_TTV-like_mini_virus_isolate_SAfiA-581-23,_complete_genome
5188	2865	 0.096	MN769190.1_MAG:_TTV-like_mini_virus_isolate_SAfiA-321-10,_complete_genome
5189	2895	 0.096	MN770593.1_MAG:_TTV-like_mini_virus_isolate_SAfiA-388-109,_complete_genome
5190	2676	 0.096	MN775898.1_MAG:_Torque_teno_midi_virus_isolate_SAfiA-500-62_ORF1_gene,_complete_cds
5191	2802	 0.096	MZ286266.1_Anelloviridae_sp._isolate_SP37_C6,_complete_genome
5192	2845	 0.096	MN770479.1_MAG:_TTV-like_mini_virus_isolate_SAfiA-238-14,_complete_genome
5193	2755	 0.096	MN771103.1_MAG:_TTV-like_mini_virus_isolate_SAfiA-353-57,_complete_genome
5194	2351	 0.096	MN775386.1_MAG:_Torque_teno_midi_virus_isolate_SAfiA-615-1258_ORF1_gene,_complete_cds
5195	2372	 0.096	MN778420.1_MAG:_Torque_teno_midi_virus_isolate_SAfiA-567-41_ORF1_gene,_complete_cds
5196	2995	 0.096	MN769201.1_MAG:_TTV-like_mini_virus_isolate_SAfiA-330-3,_complete_genome
5197	2729	 0.096	MN779015.1_MAG:_Torque_teno_midi_virus_isolate_SAfiA-8A-33_ORF1_gene,_complete_cds
5198	2585	 0.096	MN780270.1_MAG:_Torque_teno_midi_virus_isolate_SAfiA-565-44_ORF1_gene,_complete_cds
5199	2600	 0.096	MN779252.1_MAG:_Torque_teno_midi_virus_isolate_SAfiA-628-82_ORF1_gene,_complete_cds
5200	2950	 0.096	MN770668.1_MAG:_TTV-like_mini_virus_isolate_SAfiA-57-16,_complete_genome
5201	2537	 0.096	MN778756.1_MAG:_Torque_teno_midi_virus_isolate_SAfiA-458A-16_ORF1_gene,_complete_cds
5202	2764	 0.096	MN770243.1_MAG:_TTV-like_mini_virus_isolate_SAfiA-124-41,_complete_genome
5203	2685	 0.096	MN779335.1_MAG:_Torque_teno_midi_virus_isolate_SAfiA-92-23_ORF1_gene,_complete_cds
5204	2756	 0.096	MN768876.1_MAG:_Torque_teno_mini_virus_isolate_SAfiA-241-34,_complete_ORF1
5205	2527	 0.096	MN776168.1_MAG:_Torque_teno_midi_virus_isolate_SAfiA-319-72_ORF1_gene,_complete_cds
5206	2490	 0.095	MN775900.1_MAG:_Torque_teno_midi_virus_isolate_SAfiA-566-58_ORF1_gene,_complete_cds
5207	3038	 0.095	MN774933.1_MAG:_Torque_teno_midi_virus_isolate_SAfiA-398-7,_complete_genome
5208	2644	 0.095	MN768859.1_MAG:_Torque_teno_mini_virus_isolate_SAfiA-234-27,_complete_ORF1
5209	2825	 0.095	MN770671.1_MAG:_TTV-like_mini_virus_isolate_SAfiA-572-34,_complete_genome
5210	2606	 0.095	MN780142.1_MAG:_Torque_teno_midi_virus_isolate_SAfiA-642-64_ORF1_gene,_complete_cds
5211	2936	 0.095	MN769237.1_MAG:_TTV-like_mini_virus_isolate_SAfiA-350-14,_complete_genome
5212	2545	 0.095	MN775090.1_MAG:_Torque_teno_midi_virus_isolate_SAfiA-111-13_ORF1_gene,_complete_cds
5213	2548	 0.095	MN768825.1_MAG:_Torque_teno_mini_virus_isolate_SAfiA-611-51,_complete_ORF1
5214	2603	 0.095	MN776437.1_MAG:_Torque_teno_midi_virus_isolate_SAfiA-275-85_ORF1_gene,_complete_cds
5215	2901	 0.094	MN769110.1_MAG:_TTV-like_mini_virus_isolate_SAfiA-237-6,_complete_genome
5216	2896	 0.094	MN770554.1_MAG:_TTV-like_mini_virus_isolate_SAfiA-342-12,_complete_genome
5217	3269	 0.094	MN774987.1_MAG:_Torque_teno_midi_virus_isolate_SAfiA-403-16,_complete_genome
5218	2921	 0.094	MN770777.1_MAG:_TTV-like_mini_virus_isolate_SAfiA-822-12,_complete_genome
5219	2527	 0.094	MN779397.1_MAG:_Torque_teno_midi_virus_isolate_SAfiA-628-105_ORF1_gene,_complete_cds
5220	2925	 0.094	MN771033.1_MAG:_TTV-like_mini_virus_isolate_SAfiA-364-6,_complete_genome
5221	2521	 0.094	MN778649.1_MAG:_Torque_teno_midi_virus_isolate_SAfiA-242-113_ORF1_gene,_complete_cds
5222	2555	 0.094	MN775020.1_MAG:_Torque_teno_midi_virus_isolate_SAfiA-577-253_ORF1_gene,_complete_cds
5223	2813	 0.094	MN771427.1_MAG:_TTV-like_mini_virus_isolate_SAfiA-385-12,_complete_genome
5224	2795	 0.094	MN770115.1_MAG:_TTV-like_mini_virus_isolate_SAfiA-714-7,_complete_genome
5225	2373	 0.094	MN776281.1_MAG:_Torque_teno_midi_virus_isolate_SAfiA-569-119_ORF1_gene,_complete_cds
5226	2471	 0.094	MN775885.1_MAG:_Torque_teno_midi_virus_isolate_SAfiA-842-20_ORF1_gene,_complete_cds
5227	2836	 0.094	MN770327.1_MAG:_TTV-like_mini_virus_isolate_SAfiA-641-2,_complete_genome
5228	2851	 0.094	MN768962.1_MAG:_Torque_teno_mini_virus_isolate_SAfiA-287B-13,_complete_ORF1
5229	2865	 0.094	MN771342.1_MAG:_TTV-like_mini_virus_isolate_SAfiA-578-8,_complete_genome
5230	2598	 0.094	MN776465.1_MAG:_Torque_teno_midi_virus_isolate_SAfiA-577-232_ORF1_gene,_complete_cds
5231	2631	 0.094	MN777907.1_MAG:_Torque_teno_midi_virus_isolate_SAfiA-413-8_ORF1_gene,_complete_cds
5232	2495	 0.094	MN780306.1_MAG:_Torque_teno_midi_virus_isolate_SAfiA-61-54_ORF1_gene,_complete_cds
5233	2730	 0.093	MN768618.1_MAG:_Torque_teno_mini_virus_isolate_SAfiA-687-22,_complete_ORF1
5234	2899	 0.093	MN770538.1_MAG:_TTV-like_mini_virus_isolate_SAfiA-327-15,_complete_genome
5235	2980	 0.093	MN769903.1_MAG:_TTV-like_mini_virus_isolate_SAfiA-346-12,_complete_genome
5236	2517	 0.093	MN779641.1_MAG:_Torque_teno_midi_virus_isolate_SAfiA-334-74_ORF1_gene,_complete_cds
5237	2538	 0.093	MN776848.1_MAG:_Torque_teno_midi_virus_isolate_SAfiA-593-62_ORF1_gene,_complete_cds
5238	2745	 0.093	MN769008.1_MAG:_Torque_teno_mini_virus_isolate_SAfiA-308-28,_complete_ORF1
5239	2726	 0.093	MN775054.1_MAG:_Torque_teno_midi_virus_isolate_SAfiA-866-487_ORF1_gene,_complete_cds
5240	2449	 0.093	MN775468.1_MAG:_Torque_teno_midi_virus_isolate_SAfiA-37-28_ORF1_gene,_complete_cds
5241	2808	 0.093	MN778903.1_MAG:_Torque_teno_midi_virus_isolate_SAfiA-250-12_ORF1_gene,_complete_cds
5242	2952	 0.093	MN770862.1_MAG:_TTV-like_mini_virus_isolate_SAfiA-380-17,_complete_genome
5243	2907	 0.093	MN769232.1_MAG:_TTV-like_mini_virus_isolate_SAfiA-349-26,_complete_genome
5244	2620	 0.093	MN778944.1_MAG:_Torque_teno_midi_virus_isolate_SAfiA-330-26_ORF1_gene,_complete_cds
5245	2518	 0.093	MN777926.1_MAG:_Torque_teno_midi_virus_isolate_SAfiA-241-57_ORF1_gene,_complete_cds
5246	2309	 0.093	MN768882.1_MAG:_Torque_teno_mini_virus_isolate_SAfiA-242-137,_complete_ORF1
5247	2524	 0.093	MN779866.1_MAG:_Torque_teno_midi_virus_isolate_SAfiA-642-76_ORF1_gene,_complete_cds
5248	2867	 0.093	MN771293.1_MAG:_TTV-like_mini_virus_isolate_SAfiA-761-12,_complete_genome
5249	2812	 0.092	MN778518.1_MAG:_Torque_teno_midi_virus_isolate_SAfiA-376-40_ORF1_gene,_complete_cds
5250	2595	 0.092	MN779050.1_MAG:_Torque_teno_midi_virus_isolate_SAfiA-684-21_ORF1_gene,_complete_cds
5251	2841	 0.092	MN165104.1_TTV-like_mini_virus_isolate_Chzj0656_hypothetical_protein_gene,_complete_cds
5252	2875	 0.092	MN769931.1_MAG:_TTV-like_mini_virus_isolate_SAfiA-388-65,_complete_genome
5253	2859	 0.092	MN769858.1_MAG:_TTV-like_mini_virus_isolate_SAfiA-110-13,_complete_genome
5254	2888	 0.092	MN770787.1_MAG:_TTV-like_mini_virus_isolate_SAfiA-858-89,_complete_genome
5255	2888	 0.092	MN770321.1_MAG:_TTV-like_mini_virus_isolate_SAfiA-563-10,_complete_genome
5256	2670	 0.092	MN779305.1_MAG:_Torque_teno_midi_virus_isolate_SAfiA-511-19_ORF1_gene,_complete_cds
5257	2826	 0.092	MN775693.1_MAG:_Torque_teno_midi_virus_isolate_SAfiA-728-6_ORF1_gene,_complete_cds
5258	2685	 0.092	MN775250.1_MAG:_Torque_teno_midi_virus_isolate_SAfiA-475-18_ORF1_gene,_complete_cds
5259	2494	 0.092	MN778366.1_MAG:_Torque_teno_midi_virus_isolate_SAfiA-254-129_ORF1_gene,_complete_cds
5260	2824	 0.092	MN770350.1_MAG:_TTV-like_mini_virus_isolate_SAfiA-346-22,_complete_genome
5261	2896	 0.092	MN769341.1_MAG:_TTV-like_mini_virus_isolate_SAfiA-39-7,_complete_genome
5262	2824	 0.092	MN770684.1_MAG:_TTV-like_mini_virus_isolate_SAfiA-577-129,_complete_genome
5263	2507	 0.092	MN775110.1_MAG:_Torque_teno_midi_virus_isolate_SAfiA-615-1094_ORF1_gene,_complete_cds
5264	2580	 0.092	MN778382.1_MAG:_Torque_teno_midi_virus_isolate_SAfiA-334-57_ORF1_gene,_complete_cds
5265	2889	 0.092	MN769667.1_MAG:_TTV-like_mini_virus_isolate_SAfiA-661-0,_complete_genome
5266	2486	 0.092	MN775834.1_MAG:_Torque_teno_midi_virus_isolate_SAfiA-275-118_ORF1_gene,_complete_cds
5267	2510	 0.092	MN775687.1_MAG:_Torque_teno_midi_virus_isolate_SAfiA-656-30_ORF1_gene,_complete_cds
5268	2306	 0.091	MN775613.1_MAG:_Torque_teno_midi_virus_isolate_SAfiA-5A-61_ORF1_gene,_complete_cds
5269	2470	 0.091	MN776446.1_MAG:_Torque_teno_midi_virus_isolate_SAfiA-367-78_ORF1_gene,_complete_cds
5270	3083	 0.091	MN774986.1_MAG:_Torque_teno_midi_virus_isolate_SAfiA-420-5,_complete_genome
5271	2539	 0.091	MN776897.1_MAG:_Torque_teno_midi_virus_isolate_SAfiA-31-41_ORF1_gene,_complete_cds
5272	2746	 0.091	MN771414.1_MAG:_TTV-like_mini_virus_isolate_SAfiA-350-43,_complete_genome
5273	2481	 0.091	MN778351.1_MAG:_Torque_teno_midi_virus_isolate_SAfiA-112-23_ORF1_gene,_complete_cds
5274	2539	 0.091	MZ286175.1_Anelloviridae_sp._isolate_SP48_C8,_complete_genome
5275	2638	 0.091	MN776872.1_MAG:_Torque_teno_midi_virus_isolate_SAfiA-81-44_ORF1_gene,_complete_cds
5276	2878	 0.091	MN769028.1_MAG:_TTV-like_mini_virus_isolate_SAfiA-100A-26,_complete_genome
5277	2478	 0.091	MN776078.1_MAG:_Torque_teno_midi_virus_isolate_SAfiA-569-113_ORF1_gene,_complete_cds
5278	2826	 0.091	MN771271.1_MAG:_TTV-like_mini_virus_isolate_SAfiA-587-84,_complete_genome
5279	2512	 0.091	MN780329.1_MAG:_Torque_teno_midi_virus_isolate_SAfiA-77-218_ORF1_gene,_complete_cds
5280	2958	 0.091	MZ286282.1_Anelloviridae_sp._isolate_SP51_C7,_complete_genome
5281	2894	 0.091	MN769700.1_MAG:_TTV-like_mini_virus_isolate_SAfiA-696-4,_complete_genome
5282	2989	 0.091	MN770908.1_MAG:_TTV-like_mini_virus_isolate_SAfiA-321-5,_complete_genome
5283	2701	 0.091	MN780348.1_MAG:_Torque_teno_midi_virus_isolate_SAfiA-353-69_ORF1_gene,_complete_cds
5284	2966	 0.091	MN774979.1_MAG:_Torque_teno_midi_virus_isolate_SAfiA-329-2,_complete_genome
5285	2513	 0.090	MN778260.1_MAG:_Torque_teno_midi_virus_isolate_SAfiA-569-106_ORF1_gene,_complete_cds
5286	2574	 0.090	MN778788.1_MAG:_Torque_teno_midi_virus_isolate_SAfiA-570-15_ORF1_gene,_complete_cds
5287	2836	 0.090	MN770299.1_MAG:_TTV-like_mini_virus_isolate_SAfiA-339-11,_complete_genome
5288	2461	 0.090	MN776617.1_MAG:_Torque_teno_midi_virus_isolate_SAfiA-315-74_ORF1_gene,_complete_cds
5289	2433	 0.090	MN776555.1_MAG:_Torque_teno_midi_virus_isolate_SAfiA-591-36_ORF1_gene,_complete_cds
5290	2528	 0.090	MN776705.1_MAG:_Torque_teno_midi_virus_isolate_SAfiA-659-53_ORF1_gene,_complete_cds
5291	2516	 0.090	MN780333.1_MAG:_Torque_teno_midi_virus_isolate_SAfiA-81-59_ORF1_gene,_complete_cds
5292	2795	 0.090	MN771469.1_MAG:_TTV-like_mini_virus_isolate_SAfiA-590-78,_complete_genome
5293	2943	 0.090	MN770188.1_MAG:_TTV-like_mini_virus_isolate_SAfiA-376-18,_complete_genome
5294	2493	 0.090	MN779545.1_MAG:_Torque_teno_midi_virus_isolate_SAfiA-369-76_ORF1_gene,_complete_cds
5295	2514	 0.090	MN768836.1_MAG:_Torque_teno_mini_virus_isolate_SAfiA-785-139,_complete_ORF1
5296	2720	 0.090	MN777910.1_MAG:_Torque_teno_midi_virus_isolate_SAfiA-453-14_ORF1_gene,_complete_cds
5297	2653	 0.090	MN777664.1_MAG:_Torque_teno_midi_virus_isolate_SAfiA-644-23_ORF1_gene,_complete_cds
5298	2530	 0.090	MN777509.1_MAG:_Torque_teno_midi_virus_isolate_SAfiA-254-111_ORF1_gene,_complete_cds
5299	2622	 0.090	MN780256.1_MAG:_Torque_teno_midi_virus_isolate_SAfiA-500-77_ORF1_gene,_complete_cds
5300	2942	 0.090	MN770821.1_MAG:_TTV-like_mini_virus_isolate_SAfiA-388-18,_complete_genome
5301	2986	 0.089	MN770178.1_MAG:_TTV-like_mini_virus_isolate_SAfiA-235-15,_complete_genome
5302	2824	 0.089	MN771102.1_MAG:_TTV-like_mini_virus_isolate_SAfiA-353-11,_complete_genome
5303	2579	 0.089	MN778763.1_MAG:_Torque_teno_midi_virus_isolate_SAfiA-478-61_ORF1_gene,_complete_cds
5304	2611	 0.089	MN779498.1_MAG:_Torque_teno_midi_virus_isolate_SAfiA-391-14_ORF1_gene,_complete_cds
5305	2860	 0.089	MN769840.1_MAG:_TTV-like_mini_virus_isolate_SAfiA-482-6,_complete_genome
5306	2923	 0.089	MN770892.1_MAG:_TTV-like_mini_virus_isolate_SAfiA-763-3,_complete_genome
5307	2846	 0.089	MN769276.1_MAG:_TTV-like_mini_virus_isolate_SAfiA-362-14,_complete_genome
5308	2822	 0.089	MN770936.1_MAG:_TTV-like_mini_virus_isolate_SAfiA-380-67,_complete_genome
5309	2436	 0.089	MN775232.1_MAG:_Torque_teno_midi_virus_isolate_SAfiA-346-196_ORF1_gene,_complete_cds
5310	2630	 0.089	MN775509.1_MAG:_Torque_teno_midi_virus_isolate_SAfiA-313A-51_ORF1_gene,_complete_cds
5311	2523	 0.088	MN775907.1_MAG:_Torque_teno_midi_virus_isolate_SAfiA-124-79_ORF1_gene,_complete_cds
5312	2557	 0.088	MN778167.1_MAG:_Torque_teno_midi_virus_isolate_SAfiA-23-5_ORF1_gene,_complete_cds
5313	2892	 0.088	MN770626.1_MAG:_TTV-like_mini_virus_isolate_SAfiA-427-5,_complete_genome
5314	2593	 0.088	MN776843.1_MAG:_Torque_teno_midi_virus_isolate_SAfiA-587-251_ORF1_gene,_complete_cds
5315	2859	 0.088	MN769984.1_MAG:_TTV-like_mini_virus_isolate_SAfiA-615-678,_complete_genome
5316	2525	 0.088	MN779384.1_MAG:_Torque_teno_midi_virus_isolate_SAfiA-578-69_ORF1_gene,_complete_cds
5317	2849	 0.088	MN769305.1_MAG:_TTV-like_mini_virus_isolate_SAfiA-380-7,_complete_genome
5318	2493	 0.088	MN777836.1_MAG:_Torque_teno_midi_virus_isolate_SAfiA-577-287_ORF1_gene,_complete_cds
5319	2613	 0.088	MN779923.1_MAG:_Torque_teno_midi_virus_isolate_SAfiA-327-31_ORF1_gene,_complete_cds
5320	2912	 0.088	MN770279.1_MAG:_TTV-like_mini_virus_isolate_SAfiA-10-11,_complete_genome
5321	2601	 0.088	MN778011.1_MAG:_Torque_teno_midi_virus_isolate_SAfiA-38-13_ORF1_gene,_complete_cds
5322	2586	 0.088	MN775914.1_MAG:_Torque_teno_midi_virus_isolate_SAfiA-323-8_ORF1_gene,_complete_cds
5323	2490	 0.087	MN777869.1_MAG:_Torque_teno_midi_virus_isolate_SAfiA-676-57_ORF1_gene,_complete_cds
5324	2781	 0.087	MZ286270.1_Anelloviridae_sp._isolate_SP41_C5,_complete_genome
5325	2447	 0.087	MN775281.1_MAG:_Torque_teno_midi_virus_isolate_SAfiA-626-69_ORF1_gene,_complete_cds
5326	2660	 0.087	MN778618.1_MAG:_Torque_teno_midi_virus_isolate_SAfiA-8A-47_ORF1_gene,_complete_cds
5327	2475	 0.087	MN777319.1_MAG:_Torque_teno_midi_virus_isolate_SAfiA-436-9_ORF1_gene,_complete_cds
5328	2810	 0.087	MZ286232.1_Anelloviridae_sp._isolate_SP6_C4,_complete_genome
5329	2582	 0.087	MN779128.1_MAG:_Torque_teno_midi_virus_isolate_SAfiA-254-93_ORF1_gene,_complete_cds
5330	2469	 0.087	MN776503.1_MAG:_Torque_teno_midi_virus_isolate_SAfiA-235-125_ORF1_gene,_complete_cds
5331	2809	 0.087	MN769568.1_MAG:_TTV-like_mini_virus_isolate_SAfiA-587-96,_complete_genome
5332	2492	 0.087	MN777353.1_MAG:_Torque_teno_midi_virus_isolate_SAfiA-241-60_ORF1_gene,_complete_cds
5333	2639	 0.087	MN777957.1_MAG:_Torque_teno_midi_virus_isolate_SAfiA-771-18_ORF1_gene,_complete_cds
5334	2875	 0.087	MN770021.1_MAG:_TTV-like_mini_virus_isolate_SAfiA-833-9,_complete_genome
5335	2875	 0.087	MN769996.1_MAG:_TTV-like_mini_virus_isolate_SAfiA-660-912,_complete_genome
5336	2494	 0.087	MN779210.1_MAG:_Torque_teno_midi_virus_isolate_SAfiA-615-1107_ORF1_gene,_complete_cds
5337	2873	 0.087	MN770955.1_MAG:_TTV-like_mini_virus_isolate_SAfiA-630A-25,_complete_genome
5338	2454	 0.087	MN779501.1_MAG:_Torque_teno_midi_virus_isolate_SAfiA-39-49_ORF1_gene,_complete_cds
5339	2988	 0.087	MN769040.1_MAG:_TTV-like_mini_virus_isolate_SAfiA-104-5,_complete_genome
5340	2923	 0.087	MN770880.1_MAG:_TTV-like_mini_virus_isolate_SAfiA-124-18,_complete_genome
5341	2575	 0.087	MN777675.1_MAG:_Torque_teno_midi_virus_isolate_SAfiA-710-33_ORF1_gene,_complete_cds
5342	2679	 0.087	MN776880.1_MAG:_Torque_teno_midi_virus_isolate_SAfiA-272-16_ORF1_gene,_complete_cds
5343	2463	 0.086	MN778375.1_MAG:_Torque_teno_midi_virus_isolate_SAfiA-317-25_ORF1_gene,_complete_cds
5344	2972	 0.086	MN770349.1_MAG:_TTV-like_mini_virus_isolate_SAfiA-338-13,_complete_genome
5345	2511	 0.086	MN775234.1_MAG:_Torque_teno_midi_virus_isolate_SAfiA-359-35_ORF1_gene,_complete_cds
5346	2627	 0.086	MN780243.1_MAG:_Torque_teno_midi_virus_isolate_SAfiA-454-14_ORF1_gene,_complete_cds
5347	2952	 0.086	MN770208.1_MAG:_TTV-like_mini_virus_isolate_SAfiA-810-39,_complete_genome
5348	2899	 0.086	MN770079.1_MAG:_TTV-like_mini_virus_isolate_SAfiA-463-0,_complete_genome
5349	2841	 0.086	MN770829.1_MAG:_TTV-like_mini_virus_isolate_SAfiA-578-20,_complete_genome
5350	2717	 0.086	MN778906.1_MAG:_Torque_teno_midi_virus_isolate_SAfiA-275-84_ORF1_gene,_complete_cds
5351	2458	 0.086	MN777256.1_MAG:_Torque_teno_midi_virus_isolate_SAfiA-529-24_ORF1_gene,_complete_cds
5352	2597	 0.086	MN778954.1_MAG:_Torque_teno_midi_virus_isolate_SAfiA-418-34_ORF1_gene,_complete_cds
5353	2705	 0.086	MN778283.1_MAG:_Torque_teno_midi_virus_isolate_SAfiA-611-180_ORF1_gene,_complete_cds
5354	2906	 0.086	MN769623.1_MAG:_TTV-like_mini_virus_isolate_SAfiA-617-2,_complete_genome
5355	2584	 0.086	MN776821.1_MAG:_Torque_teno_midi_virus_isolate_SAfiA-500-86_ORF1_gene,_complete_cds
5356	2898	 0.086	MN769433.1_MAG:_TTV-like_mini_virus_isolate_SAfiA-500-30,_complete_genome
5357	2954	 0.086	MZ286087.1_Anelloviridae_sp._isolate_SP30_C3,_complete_genome
5358	2621	 0.086	MN775785.1_MAG:_Torque_teno_midi_virus_isolate_SAfiA-859-30_ORF1_gene,_complete_cds
5359	2840	 0.085	MN770950.1_MAG:_TTV-like_mini_virus_isolate_SAfiA-567-18,_complete_genome
5360	2901	 0.085	MN770415.1_MAG:_TTV-like_mini_virus_isolate_SAfiA-88-16,_complete_genome
5361	2677	 0.085	MN768604.1_MAG:_Torque_teno_mini_virus_isolate_SAfiA-676-38,_complete_ORF1
5362	2578	 0.085	MN775940.1_MAG:_Torque_teno_midi_virus_isolate_SAfiA-593-52_ORF1_gene,_complete_cds
5363	2272	 0.085	MN775413.1_MAG:_Torque_teno_midi_virus_isolate_SAfiA-325-65_ORF1_gene,_complete_cds
5364	2550	 0.085	MN775371.1_MAG:_Torque_teno_midi_virus_isolate_SAfiA-334-65_ORF1_gene,_complete_cds
5365	2586	 0.085	MN770567.1_MAG:_TTV-like_mini_virus_isolate_SAfiA-353-122,_complete_genome
5366	2588	 0.085	MN776955.1_MAG:_Torque_teno_midi_virus_isolate_SAfiA-615-519_ORF1_gene,_complete_cds
5367	2674	 0.085	MN768769.1_MAG:_Torque_teno_mini_virus_isolate_SAfiA-88-50,_complete_ORF1
5368	2505	 0.085	MN775847.1_MAG:_Torque_teno_midi_virus_isolate_SAfiA-39-35_ORF1_gene,_complete_cds
5369	3046	 0.085	MN780449.1_MAG:_Torque_teno_midi_virus_isolate_SAfiA-401-7_ORF1_gene,_complete_cds
5370	2747	 0.085	MN770256.1_MAG:_TTV-like_mini_virus_isolate_SAfiA-35-79,_complete_genome
5371	2517	 0.085	MN777848.1_MAG:_Torque_teno_midi_virus_isolate_SAfiA-593-67_ORF1_gene,_complete_cds
5372	2912	 0.085	MN769475.1_MAG:_TTV-like_mini_virus_isolate_SAfiA-542-3,_complete_genome
5373	2520	 0.085	MN776411.1_MAG:_Torque_teno_midi_virus_isolate_SAfiA-581-93_ORF1_gene,_complete_cds
5374	2520	 0.084	MN775175.1_MAG:_Torque_teno_midi_virus_isolate_SAfiA-601-22_ORF1_gene,_complete_cds
5375	2850	 0.084	MN770992.1_MAG:_TTV-like_mini_virus_isolate_SAfiA-370-7,_complete_genome
5376	2808	 0.084	MN769719.1_MAG:_TTV-like_mini_virus_isolate_SAfiA-731-9,_complete_genome
5377	2523	 0.084	MN780429.1_MAG:_Torque_teno_midi_virus_isolate_SAfiA-268-26_ORF1_gene,_complete_cds
5378	2460	 0.084	MN777876.1_MAG:_Torque_teno_midi_virus_isolate_SAfiA-70-61_ORF1_gene,_complete_cds
5379	2799	 0.084	MN768720.1_MAG:_Torque_teno_mini_virus_isolate_SAfiA-84-11,_complete_ORF1
5380	2792	 0.084	MN779325.1_MAG:_Torque_teno_midi_virus_isolate_SAfiA-711-3_ORF1_gene,_complete_cds
5381	2515	 0.084	MN776706.1_MAG:_Torque_teno_midi_virus_isolate_SAfiA-659-55_ORF1_gene,_complete_cds
5382	2931	 0.084	MN769848.1_MAG:_TTV-like_mini_virus_isolate_SAfiA-523-8,_complete_genome
5383	2650	 0.084	MN777337.1_MAG:_Torque_teno_midi_virus_isolate_SAfiA-807-14_ORF1_gene,_complete_cds
5384	2472	 0.084	MN776565.1_MAG:_Torque_teno_midi_virus_isolate_SAfiA-634-42_ORF1_gene,_complete_cds
5385	2759	 0.083	MN770438.1_MAG:_TTV-like_mini_virus_isolate_SAfiA-245-34,_complete_genome
5386	2919	 0.083	MN769689.1_MAG:_TTV-like_mini_virus_isolate_SAfiA-685-10,_complete_genome
5387	2875	 0.083	MN769980.1_MAG:_TTV-like_mini_virus_isolate_SAfiA-600-4,_complete_genome
5388	2952	 0.083	MN770202.1_MAG:_TTV-like_mini_virus_isolate_SAfiA-628-25,_complete_genome
5389	2864	 0.083	MN769824.1_MAG:_TTV-like_mini_virus_isolate_SAfiA-94-30,_complete_genome
5390	2538	 0.083	MN780019.1_MAG:_Torque_teno_midi_virus_isolate_SAfiA-268-28_ORF1_gene,_complete_cds
5391	2340	 0.083	MN775203.1_MAG:_Torque_teno_midi_virus_isolate_SAfiA-126-21_ORF1_gene,_complete_cds
5392	2817	 0.083	MN771077.1_MAG:_TTV-like_mini_virus_isolate_SAfiA-106A-23,_complete_genome
5393	2395	 0.083	MN768942.1_MAG:_Torque_teno_mini_virus_isolate_SAfiA-268-36,_complete_ORF1
5394	2857	 0.082	MN769536.1_MAG:_TTV-like_mini_virus_isolate_SAfiA-580-15,_complete_genome
5395	2494	 0.082	MN778979.1_MAG:_Torque_teno_midi_virus_isolate_SAfiA-265-45_ORF1_gene,_complete_cds
5396	2901	 0.082	MN769587.1_MAG:_TTV-like_mini_virus_isolate_SAfiA-595-17,_complete_genome
5397	2911	 0.082	MN771087.1_MAG:_TTV-like_mini_virus_isolate_SAfiA-245-9,_complete_genome
5398	2538	 0.082	MN776551.1_MAG:_Torque_teno_midi_virus_isolate_SAfiA-580-30_ORF1_gene,_complete_cds
5399	2938	 0.082	MN769789.1_MAG:_TTV-like_mini_virus_isolate_SAfiA-87-24,_complete_genome
5400	7482	 0.082	MH118036.1_Coxsackievirus_A10_strain_17-1656-1,_complete_genome
5401	2919	 0.082	MN769150.1_MAG:_TTV-like_mini_virus_isolate_SAfiA-275-49,_complete_genome
5402	2900	 0.082	MN769639.1_MAG:_TTV-like_mini_virus_isolate_SAfiA-639-1506,_complete_genome
5403	2395	 0.082	MN775846.1_MAG:_Torque_teno_midi_virus_isolate_SAfiA-388-335_ORF1_gene,_complete_cds
5404	2780	 0.082	MN770095.1_MAG:_TTV-like_mini_virus_isolate_SAfiA-587-110,_complete_genome
5405	2909	 0.081	MN776339.1_MAG:_Torque_teno_midi_virus_isolate_SAfiA-542-38_ORF1_gene,_complete_cds
5406	2636	 0.081	MN768722.1_MAG:_Torque_teno_mini_virus_isolate_SAfiA-842-15,_complete_ORF1
5407	2825	 0.081	MN770392.1_MAG:_TTV-like_mini_virus_isolate_SAfiA-644-9,_complete_genome
5408	2554	 0.081	MN780091.1_MAG:_Torque_teno_midi_virus_isolate_SAfiA-646-30_ORF1_gene,_complete_cds
5409	2922	 0.081	MN770309.1_MAG:_TTV-like_mini_virus_isolate_SAfiA-402-11,_complete_genome
5410	2688	 0.081	MN768751.1_MAG:_Torque_teno_mini_virus_isolate_SAfiA-87-70,_complete_ORF1
5411	2870	 0.081	MN770348.1_MAG:_TTV-like_mini_virus_isolate_SAfiA-334-22,_complete_genome
5412	2935	 0.081	MN768744.1_MAG:_Torque_teno_mini_virus_isolate_SAfiA-873-30,_complete_ORF1
5413	2638	 0.081	MN768202.1_MAG:_Torque_teno_virus_isolate_SAfiA-523-31_ORF1_gene,_complete_cds
5414	2838	 0.081	MN770057.1_MAG:_TTV-like_mini_virus_isolate_SAfiA-349-36,_complete_genome
5415	2498	 0.081	MN775556.1_MAG:_Torque_teno_midi_virus_isolate_SAfiA-604-61_ORF1_gene,_complete_cds
5416	2570	 0.081	MN776795.1_MAG:_Torque_teno_midi_virus_isolate_SAfiA-35-137_ORF1_gene,_complete_cds
5417	2810	 0.081	MZ286277.1_Anelloviridae_sp._isolate_SP45_C12,_complete_genome
5418	2774	 0.081	MN769000.1_MAG:_Torque_teno_mini_virus_isolate_SAfiA-306B-38,_complete_ORF1
5419	2491	 0.081	MN778988.1_MAG:_Torque_teno_midi_virus_isolate_SAfiA-396-43_ORF1_gene,_complete_cds
5420	2537	 0.081	MN779139.1_MAG:_Torque_teno_midi_virus_isolate_SAfiA-325-48_ORF1_gene,_complete_cds
5421	2574	 0.081	MN776306.1_MAG:_Torque_teno_midi_virus_isolate_SAfiA-87-99_ORF1_gene,_complete_cds
5422	2987	 0.080	MN769714.1_MAG:_TTV-like_mini_virus_isolate_SAfiA-721-6,_complete_genome
5423	2911	 0.080	MN770543.1_MAG:_TTV-like_mini_virus_isolate_SAfiA-330-8,_complete_genome
5424	2820	 0.080	MN769807.1_MAG:_TTV-like_mini_virus_isolate_SAfiA-88-30,_complete_genome
5425	2845	 0.080	MN770550.1_MAG:_TTV-like_mini_virus_isolate_SAfiA-340-6,_complete_genome
5426	2728	 0.080	MN769388.1_MAG:_TTV-like_mini_virus_isolate_SAfiA-445-8,_complete_genome
5427	2529	 0.080	MN777102.1_MAG:_Torque_teno_midi_virus_isolate_SAfiA-628-104_ORF1_gene,_complete_cds
5428	2504	 0.080	MN775715.1_MAG:_Torque_teno_midi_virus_isolate_SAfiA-445-20_ORF1_gene,_complete_cds
5429	2627	 0.080	MN780102.1_MAG:_Torque_teno_midi_virus_isolate_SAfiA-437-11_ORF1_gene,_complete_cds
5430	2729	 0.080	MN775052.1_MAG:_Torque_teno_midi_virus_isolate_SAfiA-849-39_ORF1_gene,_complete_cds
5431	2831	 0.080	MN771100.1_MAG:_TTV-like_mini_virus_isolate_SAfiA-349-39,_complete_genome
5432	2529	 0.080	MN779581.1_MAG:_Torque_teno_midi_virus_isolate_SAfiA-297-149_ORF1_gene,_complete_cds
5433	2612	 0.080	MN775943.1_MAG:_Torque_teno_midi_virus_isolate_SAfiA-61-36_ORF1_gene,_complete_cds
5434	2530	 0.080	MN776917.1_MAG:_Torque_teno_midi_virus_isolate_SAfiA-81-57_ORF1_gene,_complete_cds
5435	2934	 0.080	MN769519.1_MAG:_TTV-like_mini_virus_isolate_SAfiA-573-27,_complete_genome
5436	2519	 0.080	MN777352.1_MAG:_Torque_teno_midi_virus_isolate_SAfiA-238-27_ORF1_gene,_complete_cds
5437	2490	 0.080	MN775272.1_MAG:_Torque_teno_midi_virus_isolate_SAfiA-587-332_ORF1_gene,_complete_cds
5438	2993	 0.079	MN776333.1_MAG:_Torque_teno_midi_virus_isolate_SAfiA-420-0_ORF1_gene,_complete_cds
5439	2495	 0.079	MN778112.1_MAG:_Torque_teno_midi_virus_isolate_SAfiA-116-79_ORF1_gene,_complete_cds
5440	2590	 0.079	MN775094.1_MAG:_Torque_teno_midi_virus_isolate_SAfiA-235-95_ORF1_gene,_complete_cds
5441	2617	 0.079	MN776303.1_MAG:_Torque_teno_midi_virus_isolate_SAfiA-77-189_ORF1_gene,_complete_cds
5442	2854	 0.079	MN771341.1_MAG:_TTV-like_mini_virus_isolate_SAfiA-563-6,_complete_genome
5443	2479	 0.079	MN776478.1_MAG:_Torque_teno_midi_virus_isolate_SAfiA-644-62_ORF1_gene,_complete_cds
5444	2635	 0.079	MN778890.1_MAG:_Torque_teno_midi_virus_isolate_SAfiA-899-20_ORF1_gene,_complete_cds
5445	2661	 0.079	MN779412.1_MAG:_Torque_teno_midi_virus_isolate_SAfiA-9-8_ORF1_gene,_complete_cds
5446	2950	 0.079	MN769434.1_MAG:_TTV-like_mini_virus_isolate_SAfiA-500-31,_complete_genome
5447	2574	 0.079	MN778724.1_MAG:_Torque_teno_midi_virus_isolate_SAfiA-37-20_ORF1_gene,_complete_cds
5448	2633	 0.079	MN778286.1_MAG:_Torque_teno_midi_virus_isolate_SAfiA-611-237_ORF1_gene,_complete_cds
5449	2846	 0.079	MN771144.1_MAG:_TTV-like_mini_virus_isolate_SAfiA-587-76,_complete_genome
5450	2782	 0.079	MN769976.1_MAG:_TTV-like_mini_virus_isolate_SAfiA-590-95,_complete_genome
5451	2813	 0.079	MN770935.1_MAG:_TTV-like_mini_virus_isolate_SAfiA-37-9,_complete_genome
5452	2848	 0.079	MN770258.1_MAG:_TTV-like_mini_virus_isolate_SAfiA-376-27,_complete_genome
5453	2864	 0.079	MN770414.1_MAG:_TTV-like_mini_virus_isolate_SAfiA-874-54,_complete_genome
5454	2507	 0.079	MN776226.1_MAG:_Torque_teno_midi_virus_isolate_SAfiA-626-62_ORF1_gene,_complete_cds
5455	2487	 0.079	MN778015.1_MAG:_Torque_teno_midi_virus_isolate_SAfiA-39-45_ORF1_gene,_complete_cds
5456	2902	 0.078	MN779901.1_MAG:_Torque_teno_midi_virus_isolate_SAfiA-43-8_ORF1_gene,_complete_cds
5457	2873	 0.078	MN770933.1_MAG:_TTV-like_mini_virus_isolate_SAfiA-366-12,_complete_genome
5458	2580	 0.078	MN777877.1_MAG:_Torque_teno_midi_virus_isolate_SAfiA-706-5_ORF1_gene,_complete_cds
5459	2603	 0.078	MN780070.1_MAG:_Torque_teno_midi_virus_isolate_SAfiA-91-38_ORF1_gene,_complete_cds
5460	2568	 0.078	MN779629.1_MAG:_Torque_teno_midi_virus_isolate_SAfiA-319-67_ORF1_gene,_complete_cds
5461	2687	 0.078	MN776435.1_MAG:_Torque_teno_midi_virus_isolate_SAfiA-245-28_ORF1_gene,_complete_cds
5462	2519	 0.078	MN775953.1_MAG:_Torque_teno_midi_virus_isolate_SAfiA-365-55_ORF1_gene,_complete_cds
5463	2513	 0.078	MN775986.1_MAG:_Torque_teno_midi_virus_isolate_SAfiA-319-81_ORF1_gene,_complete_cds
5464	2614	 0.078	MN780122.1_MAG:_Torque_teno_midi_virus_isolate_SAfiA-352-39_ORF1_gene,_complete_cds
5465	2747	 0.078	MN770270.1_MAG:_TTV-like_mini_virus_isolate_SAfiA-628-47,_complete_genome
5466	2612	 0.078	MN779147.1_MAG:_Torque_teno_midi_virus_isolate_SAfiA-346-96_ORF1_gene,_complete_cds
5467	2481	 0.077	MN777857.1_MAG:_Torque_teno_midi_virus_isolate_SAfiA-611-294_ORF1_gene,_complete_cds
5468	2482	 0.077	MN777185.1_MAG:_Torque_teno_midi_virus_isolate_SAfiA-628-120_ORF1_gene,_complete_cds
5469	2888	 0.077	MN770795.1_MAG:_TTV-like_mini_virus_isolate_SAfiA-88-19,_complete_genome
5470	2906	 0.077	MN771172.1_MAG:_TTV-like_mini_virus_isolate_SAfiA-71-17,_complete_genome
5471	2897	 0.077	MN770103.1_MAG:_TTV-like_mini_virus_isolate_SAfiA-611-142,_complete_genome
5472	2695	 0.077	MN775041.1_MAG:_Torque_teno_midi_virus_isolate_SAfiA-436-4_ORF1_gene,_complete_cds
5473	2856	 0.077	MN770401.1_MAG:_TTV-like_mini_virus_isolate_SAfiA-77-120,_complete_genome
5474	2350	 0.077	MN779061.1_MAG:_Torque_teno_midi_virus_isolate_SAfiA-306A-90_ORF1_gene,_complete_cds
5475	2990	 0.077	MN776328.1_MAG:_Torque_teno_midi_virus_isolate_SAfiA-380-11_ORF1_gene,_complete_cds
5476	2891	 0.077	MN769974.1_MAG:_TTV-like_mini_virus_isolate_SAfiA-590-52,_complete_genome
5477	2487	 0.077	MN775502.1_MAG:_Torque_teno_midi_virus_isolate_SAfiA-242-127_ORF1_gene,_complete_cds
5478	2906	 0.077	MN770281.1_MAG:_TTV-like_mini_virus_isolate_SAfiA-101A-10,_complete_genome
5479	2947	 0.077	MN767612.1_MAG:_Torque_teno_virus_isolate_SAfiA-569-39_ORF1_gene,_complete_cds
5480	2701	 0.077	MN771504.1_MAG:_TTV-like_mini_virus_isolate_SAfiA-810-69,_complete_genome
5481	2732	 0.076	MN779958.1_MAG:_Torque_teno_midi_virus_isolate_SAfiA-778-24_ORF1_gene,_complete_cds
5482	2832	 0.076	MN771403.1_MAG:_TTV-like_mini_virus_isolate_SAfiA-287B-14,_complete_genome
5483	2269	 0.076	MN775011.1_MAG:_Torque_teno_midi_virus_isolate_SAfiA-268-38_ORF1_gene,_complete_cds
5484	2518	 0.076	MN778136.1_MAG:_Torque_teno_midi_virus_isolate_SAfiA-604-48_ORF1_gene,_complete_cds
5485	2968	 0.076	MN770697.1_MAG:_TTV-like_mini_virus_isolate_SAfiA-584-8,_complete_genome
5486	2553	 0.076	MN775601.1_MAG:_Torque_teno_midi_virus_isolate_SAfiA-485-54_ORF1_gene,_complete_cds
5487	2979	 0.076	MN769209.1_MAG:_TTV-like_mini_virus_isolate_SAfiA-338-9,_complete_genome
5488	2593	 0.076	MN777802.1_MAG:_Torque_teno_midi_virus_isolate_SAfiA-394-21_ORF1_gene,_complete_cds
5489	2907	 0.076	MN771490.1_MAG:_TTV-like_mini_virus_isolate_SAfiA-683-4,_complete_genome
5490	2484	 0.076	MN776916.1_MAG:_Torque_teno_midi_virus_isolate_SAfiA-789-31_ORF1_gene,_complete_cds
5491	2612	 0.075	MN779739.1_MAG:_Torque_teno_midi_virus_isolate_SAfiA-625-36_ORF1_gene,_complete_cds
5492	2625	 0.075	MN777880.1_MAG:_Torque_teno_midi_virus_isolate_SAfiA-74-9_ORF1_gene,_complete_cds
5493	2908	 0.075	MN769928.1_MAG:_TTV-like_mini_virus_isolate_SAfiA-388-38,_complete_genome
5494	2641	 0.075	MN778896.1_MAG:_Torque_teno_midi_virus_isolate_SAfiA-578-47_ORF1_gene,_complete_cds
5495	2557	 0.075	MN778207.1_MAG:_Torque_teno_midi_virus_isolate_SAfiA-353-113_ORF1_gene,_complete_cds
5496	2728	 0.075	MN779685.1_MAG:_Torque_teno_midi_virus_isolate_SAfiA-462-2_ORF1_gene,_complete_cds
5497	2802	 0.075	MN770824.1_MAG:_TTV-like_mini_virus_isolate_SAfiA-410-7,_complete_genome
5498	2602	 0.075	MN777858.1_MAG:_Torque_teno_midi_virus_isolate_SAfiA-615-990_ORF1_gene,_complete_cds
5499	2859	 0.075	MN769197.1_MAG:_TTV-like_mini_virus_isolate_SAfiA-326-14,_complete_genome
5500	2563	 0.075	MN778716.1_MAG:_Torque_teno_midi_virus_isolate_SAfiA-367-69_ORF1_gene,_complete_cds
5501	2933	 0.075	MN769917.1_MAG:_TTV-like_mini_virus_isolate_SAfiA-35-26,_complete_genome
5502	2879	 0.075	MN769174.1_MAG:_TTV-like_mini_virus_isolate_SAfiA-309-22,_complete_genome
5503	2916	 0.075	MN769988.1_MAG:_TTV-like_mini_virus_isolate_SAfiA-628-27,_complete_genome
5504	2624	 0.075	MN780118.1_MAG:_Torque_teno_midi_virus_isolate_SAfiA-254-72_ORF1_gene,_complete_cds
5505	2793	 0.075	MN768784.1_MAG:_Torque_teno_mini_virus_isolate_SAfiA-774-179,_complete_ORF1
5506	2518	 0.075	MN778556.1_MAG:_Torque_teno_midi_virus_isolate_SAfiA-587-319_ORF1_gene,_complete_cds
5507	2912	 0.075	MN769393.1_MAG:_TTV-like_mini_virus_isolate_SAfiA-453-6,_complete_genome
5508	2600	 0.075	MN775638.1_MAG:_Torque_teno_midi_virus_isolate_SAfiA-346-100_ORF1_gene,_complete_cds
5509	2465	 0.074	MN779737.1_MAG:_Torque_teno_midi_virus_isolate_SAfiA-61-60_ORF1_gene,_complete_cds
5510	2592	 0.074	MN776520.1_MAG:_Torque_teno_midi_virus_isolate_SAfiA-346-107_ORF1_gene,_complete_cds
5511	2592	 0.074	MN779027.1_MAG:_Torque_teno_midi_virus_isolate_SAfiA-587-254_ORF1_gene,_complete_cds
5512	2935	 0.074	MN771513.1_MAG:_TTV-like_mini_virus_isolate_SAfiA-894-18,_complete_genome
5513	2857	 0.074	MN769673.1_MAG:_TTV-like_mini_virus_isolate_SAfiA-672-6,_complete_genome
5514	2876	 0.074	MN770964.1_MAG:_TTV-like_mini_virus_isolate_SAfiA-109-3,_complete_genome
5515	2507	 0.074	MN775115.1_MAG:_Torque_teno_midi_virus_isolate_SAfiA-96-34_ORF1_gene,_complete_cds
5516	2518	 0.074	OL694797.1_Torque_teno_mini_virus_12_isolate_TTMV-AMS-S1-52_ORF1_gene,_complete_cds
5517	2565	 0.074	MN775223.1_MAG:_Torque_teno_midi_virus_isolate_SAfiA-325-44_ORF1_gene,_complete_cds
5518	2858	 0.073	MN768612.1_MAG:_Torque_teno_mini_virus_isolate_SAfiA-682-6,_complete_ORF1
5519	2576	 0.073	MN777992.1_MAG:_Torque_teno_midi_virus_isolate_SAfiA-315-53_ORF1_gene,_complete_cds
5520	2779	 0.073	MN768982.1_MAG:_Torque_teno_mini_virus_isolate_SAfiA-304-16,_complete_ORF1
5521	2849	 0.073	MN769555.1_MAG:_TTV-like_mini_virus_isolate_SAfiA-584-20,_complete_genome
5522	2799	 0.073	MN769534.1_MAG:_TTV-like_mini_virus_isolate_SAfiA-577-124,_complete_genome
5523	2508	 0.073	MN775683.1_MAG:_Torque_teno_midi_virus_isolate_SAfiA-616-53_ORF1_gene,_complete_cds
5524	2747	 0.073	MN768805.1_MAG:_Torque_teno_mini_virus_isolate_SAfiA-888-12,_complete_ORF1
5525	2933	 0.073	MN769588.1_MAG:_TTV-like_mini_virus_isolate_SAfiA-597-6,_complete_genome
5526	2543	 0.073	MN777584.1_MAG:_Torque_teno_midi_virus_isolate_SAfiA-441-19_ORF1_gene,_complete_cds
5527	2609	 0.073	MN777030.1_MAG:_Torque_teno_midi_virus_isolate_SAfiA-421-32_ORF1_gene,_complete_cds
5528	2590	 0.073	MN778980.1_MAG:_Torque_teno_midi_virus_isolate_SAfiA-311-32_ORF1_gene,_complete_cds
5529	2695	 0.073	MN778722.1_MAG:_Torque_teno_midi_virus_isolate_SAfiA-37-14_ORF1_gene,_complete_cds
5530	2524	 0.073	MN779173.1_MAG:_Torque_teno_midi_virus_isolate_SAfiA-458A-17_ORF1_gene,_complete_cds
5531	2586	 0.073	MN779694.1_MAG:_Torque_teno_midi_virus_isolate_SAfiA-478-59_ORF1_gene,_complete_cds
5532	2610	 0.073	MN778869.1_MAG:_Torque_teno_midi_virus_isolate_SAfiA-815-46_ORF1_gene,_complete_cds
5533	2825	 0.073	MN769168.1_MAG:_TTV-like_mini_virus_isolate_SAfiA-306B-35,_complete_genome
5534	2500	 0.073	MN775877.1_MAG:_Torque_teno_midi_virus_isolate_SAfiA-642-80_ORF1_gene,_complete_cds
5535	2499	 0.073	MN775340.1_MAG:_Torque_teno_midi_virus_isolate_SAfiA-123-70_ORF1_gene,_complete_cds
5536	2480	 0.073	MN777578.1_MAG:_Torque_teno_midi_virus_isolate_SAfiA-415-16_ORF1_gene,_complete_cds
5537	2844	 0.073	MN770533.1_MAG:_TTV-like_mini_virus_isolate_SAfiA-324-18,_complete_genome
5538	2564	 0.073	MN780293.1_MAG:_Torque_teno_midi_virus_isolate_SAfiA-593-57_ORF1_gene,_complete_cds
5539	2879	 0.073	MN769544.1_MAG:_TTV-like_mini_virus_isolate_SAfiA-581-26,_complete_genome
5540	2505	 0.073	MN775302.1_MAG:_Torque_teno_midi_virus_isolate_SAfiA-812-82_ORF1_gene,_complete_cds
5541	2538	 0.072	MN780322.1_MAG:_Torque_teno_midi_virus_isolate_SAfiA-666-37_ORF1_gene,_complete_cds
5542	2892	 0.072	MN770768.1_MAG:_TTV-like_mini_virus_isolate_SAfiA-803-12,_complete_genome
5543	2752	 0.072	MN770578.1_MAG:_TTV-like_mini_virus_isolate_SAfiA-362-26,_complete_genome
5544	2451	 0.072	MN779816.1_MAG:_Torque_teno_midi_virus_isolate_SAfiA-31-47_ORF1_gene,_complete_cds
5545	2789	 0.072	MN780114.1_MAG:_Torque_teno_midi_virus_isolate_SAfiA-224-34_ORF1_gene,_complete_cds
5546	2443	 0.072	MN777478.1_MAG:_Torque_teno_midi_virus_isolate_SAfiA-869-6_ORF1_gene,_complete_cds
5547	2863	 0.072	MN769381.1_MAG:_TTV-like_mini_virus_isolate_SAfiA-435-8,_complete_genome
5548	2904	 0.072	MN770663.1_MAG:_TTV-like_mini_virus_isolate_SAfiA-558-8,_complete_genome
5549	2972	 0.072	MN769550.1_MAG:_TTV-like_mini_virus_isolate_SAfiA-582-9,_complete_genome
5550	2874	 0.072	MN769055.1_MAG:_TTV-like_mini_virus_isolate_SAfiA-116-35,_complete_genome
5551	2641	 0.072	MN775934.1_MAG:_Torque_teno_midi_virus_isolate_SAfiA-572-52_ORF1_gene,_complete_cds
5552	2547	 0.072	MN780465.1_MAG:_Torque_teno_midi_virus_isolate_SAfiA-644-46_ORF1_gene,_complete_cds
5553	2575	 0.072	MN776275.1_MAG:_Torque_teno_midi_virus_isolate_SAfiA-485-48_ORF1_gene,_complete_cds
5554	2947	 0.072	MN770739.1_MAG:_TTV-like_mini_virus_isolate_SAfiA-660-859,_complete_genome
5555	2839	 0.072	MN770125.1_MAG:_TTV-like_mini_virus_isolate_SAfiA-94-26,_complete_genome
5556	2535	 0.072	MN776541.1_MAG:_Torque_teno_midi_virus_isolate_SAfiA-485-56_ORF1_gene,_complete_cds
5557	2872	 0.072	MN769415.1_MAG:_TTV-like_mini_virus_isolate_SAfiA-478-20,_complete_genome
5558	2978	 0.072	MN770725.1_MAG:_TTV-like_mini_virus_isolate_SAfiA-626-13,_complete_genome
5559	2527	 0.072	MN778413.1_MAG:_Torque_teno_midi_virus_isolate_SAfiA-502-36_ORF1_gene,_complete_cds
5560	2257	 0.072	MN777548.1_MAG:_Torque_teno_midi_virus_isolate_SAfiA-350-90_ORF1_gene,_complete_cds
5561	2875	 0.072	MN770968.1_MAG:_TTV-like_mini_virus_isolate_SAfiA-244-13,_complete_genome
5562	2791	 0.072	MN769773.1_MAG:_TTV-like_mini_virus_isolate_SAfiA-858-94,_complete_genome
5563	2939	 0.071	MN770252.1_MAG:_TTV-like_mini_virus_isolate_SAfiA-327-10,_complete_genome
5564	2904	 0.071	MN769599.1_MAG:_TTV-like_mini_virus_isolate_SAfiA-609-17,_complete_genome
5565	2825	 0.071	MN769101.1_MAG:_TTV-like_mini_virus_isolate_SAfiA-234-15,_complete_genome
5566	2521	 0.071	MN775774.1_MAG:_Torque_teno_midi_virus_isolate_SAfiA-353-126_ORF1_gene,_complete_cds
5567	2497	 0.071	MN778044.1_MAG:_Torque_teno_midi_virus_isolate_SAfiA-590-171_ORF1_gene,_complete_cds
5568	2585	 0.071	MN775131.1_MAG:_Torque_teno_midi_virus_isolate_SAfiA-242-88_ORF1_gene,_complete_cds
5569	2925	 0.071	MN768780.1_MAG:_Torque_teno_mini_virus_isolate_SAfiA-99-20,_complete_ORF1
5570	2987	 0.071	MN769236.1_MAG:_TTV-like_mini_virus_isolate_SAfiA-349-9,_complete_genome
5571	2674	 0.071	MN775084.1_MAG:_Torque_teno_midi_virus_isolate_SAfiA-587-176_ORF1_gene,_complete_cds
5572	2543	 0.071	MN778291.1_MAG:_Torque_teno_midi_virus_isolate_SAfiA-619-27_ORF1_gene,_complete_cds
5573	2589	 0.071	MN775688.1_MAG:_Torque_teno_midi_virus_isolate_SAfiA-676-49_ORF1_gene,_complete_cds
5574	2911	 0.071	MN770679.1_MAG:_TTV-like_mini_virus_isolate_SAfiA-574-10,_complete_genome
5575	2472	 0.071	MN779018.1_MAG:_Torque_teno_midi_virus_isolate_SAfiA-334-83_ORF1_gene,_complete_cds
5576	3055	 0.071	MN775188.1_MAG:_Torque_teno_midi_virus_isolate_SAfiA-777-8_ORF1_gene,_complete_cds
5577	2821	 0.071	MN770952.1_MAG:_TTV-like_mini_virus_isolate_SAfiA-589-21,_complete_genome
5578	2502	 0.071	MN776182.1_MAG:_Torque_teno_midi_virus_isolate_SAfiA-361-81_ORF1_gene,_complete_cds
5579	2504	 0.071	MN779431.1_MAG:_Torque_teno_midi_virus_isolate_SAfiA-35-162_ORF1_gene,_complete_cds
5580	2864	 0.071	MN769416.1_MAG:_TTV-like_mini_virus_isolate_SAfiA-478-22,_complete_genome
5581	2928	 0.070	MN771206.1_MAG:_TTV-like_mini_virus_isolate_SAfiA-402-10,_complete_genome
5582	2602	 0.070	MN776773.1_MAG:_Torque_teno_midi_virus_isolate_SAfiA-233-37_ORF1_gene,_complete_cds
5583	3051	 0.070	MN780461.1_MAG:_Torque_teno_midi_virus_isolate_SAfiA-615-731_ORF1_gene,_complete_cds
5584	2512	 0.070	MN779462.1_MAG:_Torque_teno_midi_virus_isolate_SAfiA-70-54_ORF1_gene,_complete_cds
5585	2924	 0.070	MN770813.1_MAG:_TTV-like_mini_virus_isolate_SAfiA-338-12,_complete_genome
5586	2515	 0.070	MN776398.1_MAG:_Torque_teno_midi_virus_isolate_SAfiA-241-58_ORF1_gene,_complete_cds
5587	2795	 0.070	MN768630.1_MAG:_Torque_teno_mini_virus_isolate_SAfiA-69A-5,_complete_ORF1
5588	2987	 0.070	MN770030.1_MAG:_TTV-like_mini_virus_isolate_SAfiA-102-43,_complete_genome
5589	2823	 0.070	MN768939.1_MAG:_Torque_teno_mini_virus_isolate_SAfiA-267-24,_complete_ORF1
5590	2529	 0.070	MN779130.1_MAG:_Torque_teno_midi_virus_isolate_SAfiA-270-27_ORF1_gene,_complete_cds
5591	3020	 0.070	MN770758.1_MAG:_TTV-like_mini_virus_isolate_SAfiA-73-2,_complete_genome
5592	2959	 0.070	MN770051.1_MAG:_TTV-like_mini_virus_isolate_SAfiA-314-18,_complete_genome
5593	2760	 0.070	MN770699.1_MAG:_TTV-like_mini_virus_isolate_SAfiA-587-220,_complete_genome
5594	2484	 0.070	MN776375.1_MAG:_Torque_teno_midi_virus_isolate_SAfiA-535-28_ORF1_gene,_complete_cds
5595	2853	 0.070	MN769835.1_MAG:_TTV-like_mini_virus_isolate_SAfiA-104-1,_complete_genome
5596	2495	 0.069	MN778530.1_MAG:_Torque_teno_midi_virus_isolate_SAfiA-414-70_ORF1_gene,_complete_cds
5597	2516	 0.069	MN779991.1_MAG:_Torque_teno_midi_virus_isolate_SAfiA-523-42_ORF1_gene,_complete_cds
5598	2488	 0.069	MN777411.1_MAG:_Torque_teno_midi_virus_isolate_SAfiA-4-54_ORF1_gene,_complete_cds
5599	2912	 0.069	MN771458.1_MAG:_TTV-like_mini_virus_isolate_SAfiA-578-12,_complete_genome
5600	2609	 0.069	MN778853.1_MAG:_Torque_teno_midi_virus_isolate_SAfiA-731-15_ORF1_gene,_complete_cds
5601	2554	 0.069	MN778857.1_MAG:_Torque_teno_midi_virus_isolate_SAfiA-77-186_ORF1_gene,_complete_cds
5602	2779	 0.069	MN768658.1_MAG:_Torque_teno_mini_virus_isolate_SAfiA-721-28,_complete_ORF1
5603	2594	 0.069	MN776597.1_MAG:_Torque_teno_midi_virus_isolate_SAfiA-235-92_ORF1_gene,_complete_cds
5604	2524	 0.069	MN776687.1_MAG:_Torque_teno_midi_virus_isolate_SAfiA-615-1071_ORF1_gene,_complete_cds
5605	2733	 0.069	MN768794.1_MAG:_Torque_teno_mini_virus_isolate_SAfiA-309-8,_complete_ORF1
5606	2620	 0.069	MN775850.1_MAG:_Torque_teno_midi_virus_isolate_SAfiA-460-13_ORF1_gene,_complete_cds
5607	2891	 0.069	MN770014.1_MAG:_TTV-like_mini_virus_isolate_SAfiA-788-3,_complete_genome
5608	2847	 0.069	MN769686.1_MAG:_TTV-like_mini_virus_isolate_SAfiA-679-16,_complete_genome
5609	2575	 0.069	MN779039.1_MAG:_Torque_teno_midi_virus_isolate_SAfiA-346-115_ORF1_gene,_complete_cds
5610	2852	 0.069	MN769177.1_MAG:_TTV-like_mini_virus_isolate_SAfiA-314-25,_complete_genome
5611	2596	 0.068	MZ286195.1_Anelloviridae_sp._isolate_SP51_C19,_complete_genome
5612	2670	 0.068	MN778163.1_MAG:_Torque_teno_midi_virus_isolate_SAfiA-231-18_ORF1_gene,_complete_cds
5613	2445	 0.068	MN775958.1_MAG:_Torque_teno_midi_virus_isolate_SAfiA-710-47_ORF1_gene,_complete_cds
5614	2872	 0.068	MN770660.1_MAG:_TTV-like_mini_virus_isolate_SAfiA-542-31,_complete_genome
5615	2500	 0.068	MN780164.1_MAG:_Torque_teno_midi_virus_isolate_SAfiA-235-119_ORF1_gene,_complete_cds
5616	2543	 0.068	MN777535.1_MAG:_Torque_teno_midi_virus_isolate_SAfiA-33-56_ORF1_gene,_complete_cds
5617	2942	 0.068	MN771277.1_MAG:_TTV-like_mini_virus_isolate_SAfiA-6-11,_complete_genome
5618	2673	 0.068	MN768760.1_MAG:_Torque_teno_mini_virus_isolate_SAfiA-881-12,_complete_ORF1
5619	2895	 0.068	MN769493.1_MAG:_TTV-like_mini_virus_isolate_SAfiA-565-14,_complete_genome
5620	2532	 0.068	MN779826.1_MAG:_Torque_teno_midi_virus_isolate_SAfiA-353-121_ORF1_gene,_complete_cds
5621	2903	 0.068	MN769836.1_MAG:_TTV-like_mini_virus_isolate_SAfiA-388-3,_complete_genome
5622	2972	 0.068	MN771017.1_MAG:_TTV-like_mini_virus_isolate_SAfiA-378-5,_complete_genome
5623	2850	 0.068	MN770463.1_MAG:_TTV-like_mini_virus_isolate_SAfiA-124-33,_complete_genome
5624	2657	 0.068	MN776039.1_MAG:_Torque_teno_midi_virus_isolate_SAfiA-679-22_ORF1_gene,_complete_cds
5625	2858	 0.068	MZ286052.1_Anelloviridae_sp._isolate_SP22_C5,_complete_genome
5626	2922	 0.068	MN770213.1_MAG:_TTV-like_mini_virus_isolate_SAfiA-572-21,_complete_genome
5627	2453	 0.067	MN779563.1_MAG:_Torque_teno_midi_virus_isolate_SAfiA-590-207_ORF1_gene,_complete_cds
5628	2472	 0.067	MN777695.1_MAG:_Torque_teno_midi_virus_isolate_SAfiA-102-110_ORF1_gene,_complete_cds
5629	2875	 0.067	MN769114.1_MAG:_TTV-like_mini_virus_isolate_SAfiA-240-9,_complete_genome
5630	2496	 0.067	MN778006.1_MAG:_Torque_teno_midi_virus_isolate_SAfiA-365-63_ORF1_gene,_complete_cds
5631	2761	 0.067	MN768902.1_MAG:_Torque_teno_mini_virus_isolate_SAfiA-250-14,_complete_ORF1
5632	2487	 0.067	MN776974.1_MAG:_Torque_teno_midi_virus_isolate_SAfiA-319-91_ORF1_gene,_complete_cds
5633	5104	 0.067	NC_012729.2_Human_bocavirus_4_NI_strain_HBoV4-NI-385,_complete_genome
5634	2525	 0.067	MN779215.1_MAG:_Torque_teno_midi_virus_isolate_SAfiA-644-51_ORF1_gene,_complete_cds
5635	2647	 0.067	MN776760.1_MAG:_Torque_teno_midi_virus_isolate_SAfiA-10-25_ORF1_gene,_complete_cds
5636	2838	 0.067	MN770031.1_MAG:_TTV-like_mini_virus_isolate_SAfiA-113-25,_complete_genome
5637	2623	 0.067	MN778185.1_MAG:_Torque_teno_midi_virus_isolate_SAfiA-319-42_ORF1_gene,_complete_cds
5638	2800	 0.067	MN770436.1_MAG:_TTV-like_mini_virus_isolate_SAfiA-388-133,_complete_genome
5639	2651	 0.067	MN777927.1_MAG:_Torque_teno_midi_virus_isolate_SAfiA-319-37_ORF1_gene,_complete_cds
5640	2743	 0.067	MN779037.1_MAG:_Torque_teno_midi_virus_isolate_SAfiA-319-31_ORF1_gene,_complete_cds
5641	2520	 0.067	MN779714.1_MAG:_Torque_teno_midi_virus_isolate_SAfiA-577-241_ORF1_gene,_complete_cds
5642	2801	 0.067	MN770692.1_MAG:_TTV-like_mini_virus_isolate_SAfiA-581-39,_complete_genome
5643	2623	 0.067	MN768210.1_MAG:_Torque_teno_virus_isolate_SAfiA-565-38_ORF1_gene,_complete_cds
5644	2856	 0.066	MN774968.1_MAG:_Torque_teno_midi_virus_isolate_SAfiA-47-21,_complete_genome
5645	2919	 0.066	MN770231.1_MAG:_TTV-like_mini_virus_isolate_SAfiA-577-88,_complete_genome
5646	2820	 0.066	MN769030.1_MAG:_TTV-like_mini_virus_isolate_SAfiA-100A-30,_complete_genome
5647	2456	 0.066	MN778984.1_MAG:_Torque_teno_midi_virus_isolate_SAfiA-361-85_ORF1_gene,_complete_cds
5648	3040	 0.066	MN778601.1_MAG:_Torque_teno_midi_virus_isolate_SAfiA-714-3_ORF1_gene,_complete_cds
5649	2864	 0.066	MN770200.1_MAG:_TTV-like_mini_virus_isolate_SAfiA-572-26,_complete_genome
5650	2876	 0.066	MN769318.1_MAG:_TTV-like_mini_virus_isolate_SAfiA-388-127,_complete_genome
5651	2849	 0.065	MN771447.1_MAG:_TTV-like_mini_virus_isolate_SAfiA-525-1,_complete_genome
5652	2459	 0.065	MN779026.1_MAG:_Torque_teno_midi_virus_isolate_SAfiA-572-64_ORF1_gene,_complete_cds
5653	2638	 0.065	MN780268.1_MAG:_Torque_teno_midi_virus_isolate_SAfiA-53-6_ORF1_gene,_complete_cds
5654	2885	 0.065	MN774995.1_MAG:_Torque_teno_midi_virus_isolate_SAfiA-856-471_ORF1_gene,_complete_cds
5655	2898	 0.065	MN770206.1_MAG:_TTV-like_mini_virus_isolate_SAfiA-685-11,_complete_genome
5656	2814	 0.065	MN769073.1_MAG:_TTV-like_mini_virus_isolate_SAfiA-124-45,_complete_genome
5657	2724	 0.065	MN775069.1_MAG:_Torque_teno_midi_virus_isolate_SAfiA-500-48_ORF1_gene,_complete_cds
5658	2868	 0.065	MN768954.1_MAG:_Torque_teno_mini_virus_isolate_SAfiA-275-67,_complete_ORF1
5659	2889	 0.065	MZ286292.1_Anelloviridae_sp._isolate_SP60_C4,_complete_genome
5660	2893	 0.065	MN769718.1_MAG:_TTV-like_mini_virus_isolate_SAfiA-731-7,_complete_genome
5661	2438	 0.065	MN775158.1_MAG:_Torque_teno_midi_virus_isolate_SAfiA-453-28_ORF1_gene,_complete_cds
5662	2465	 0.065	MN776069.1_MAG:_Torque_teno_midi_virus_isolate_SAfiA-353-140_ORF1_gene,_complete_cds
5663	2824	 0.065	MN770938.1_MAG:_TTV-like_mini_virus_isolate_SAfiA-388-122,_complete_genome
5664	2941	 0.065	MN769219.1_MAG:_TTV-like_mini_virus_isolate_SAfiA-344-3,_complete_genome
5665	2620	 0.065	MN779085.1_MAG:_Torque_teno_midi_virus_isolate_SAfiA-667-17_ORF1_gene,_complete_cds
5666	2296	 0.065	MN780241.1_MAG:_Torque_teno_midi_virus_isolate_SAfiA-450-33_ORF1_gene,_complete_cds
5667	2527	 0.065	MN780242.1_MAG:_Torque_teno_midi_virus_isolate_SAfiA-452-13_ORF1_gene,_complete_cds
5668	2958	 0.065	MN770169.1_MAG:_TTV-like_mini_virus_isolate_SAfiA-686-6,_complete_genome
5669	2995	 0.065	MN769574.1_MAG:_TTV-like_mini_virus_isolate_SAfiA-590-21,_complete_genome
5670	2451	 0.065	MN777648.1_MAG:_Torque_teno_midi_virus_isolate_SAfiA-608-21_ORF1_gene,_complete_cds
5671	2995	 0.064	MN769880.1_MAG:_TTV-like_mini_virus_isolate_SAfiA-254-12,_complete_genome
5672	2549	 0.064	MN779066.1_MAG:_Torque_teno_midi_virus_isolate_SAfiA-359-33_ORF1_gene,_complete_cds
5673	2863	 0.064	MN770999.1_MAG:_TTV-like_mini_virus_isolate_SAfiA-452-1,_complete_genome
5674	2799	 0.064	MN779291.1_MAG:_Torque_teno_midi_virus_isolate_SAfiA-334-23_ORF1_gene,_complete_cds
5675	2825	 0.064	MN768787.1_MAG:_Torque_teno_mini_virus_isolate_SAfiA-779-34,_complete_ORF1
5676	2662	 0.064	MN768936.1_MAG:_Torque_teno_mini_virus_isolate_SAfiA-266-22,_complete_ORF1
5677	2922	 0.064	MN771138.1_MAG:_TTV-like_mini_virus_isolate_SAfiA-552-19,_complete_genome
5678	2963	 0.064	MN780476.1_MAG:_Torque_teno_midi_virus_isolate_SAfiA-859-12_ORF1_gene,_complete_cds
5679	2515	 0.064	MN775208.1_MAG:_Torque_teno_midi_virus_isolate_SAfiA-242-114_ORF1_gene,_complete_cds
5680	2496	 0.064	MN775153.1_MAG:_Torque_teno_midi_virus_isolate_SAfiA-380-199_ORF1_gene,_complete_cds
5681	2923	 0.064	MN771184.1_MAG:_TTV-like_mini_virus_isolate_SAfiA-77-98,_complete_genome
5682	2849	 0.064	MN770211.1_MAG:_TTV-like_mini_virus_isolate_SAfiA-675-7,_complete_genome
5683	2771	 0.064	MN770277.1_MAG:_TTV-like_mini_virus_isolate_SAfiA-87-49,_complete_genome
5684	2484	 0.064	MN775434.1_MAG:_Torque_teno_midi_virus_isolate_SAfiA-412-12_ORF1_gene,_complete_cds
5685	2908	 0.064	MN768788.1_MAG:_Torque_teno_mini_virus_isolate_SAfiA-782-5,_complete_ORF1
5686	2508	 0.064	MN780082.1_MAG:_Torque_teno_midi_virus_isolate_SAfiA-526-20_ORF1_gene,_complete_cds
5687	2849	 0.064	MN770212.1_MAG:_TTV-like_mini_virus_isolate_SAfiA-831-11,_complete_genome
5688	2614	 0.063	MN776371.1_MAG:_Torque_teno_midi_virus_isolate_SAfiA-42-6_ORF1_gene,_complete_cds
5689	2890	 0.063	MN770027.1_MAG:_TTV-like_mini_virus_isolate_SAfiA-87-30,_complete_genome
5690	2873	 0.063	MN770330.1_MAG:_TTV-like_mini_virus_isolate_SAfiA-69B-45,_complete_genome
5691	2951	 0.063	MN780258.1_MAG:_Torque_teno_midi_virus_isolate_SAfiA-506-3_ORF1_gene,_complete_cds
5692	2510	 0.063	MN778261.1_MAG:_Torque_teno_midi_virus_isolate_SAfiA-569-107_ORF1_gene,_complete_cds
5693	2886	 0.063	MN770861.1_MAG:_TTV-like_mini_virus_isolate_SAfiA-369-22,_complete_genome
5694	2453	 0.063	MN779503.1_MAG:_Torque_teno_midi_virus_isolate_SAfiA-418-44_ORF1_gene,_complete_cds
5695	2485	 0.063	MN778841.1_MAG:_Torque_teno_midi_virus_isolate_SAfiA-694-3_ORF1_gene,_complete_cds
5696	2818	 0.063	MN771455.1_MAG:_TTV-like_mini_virus_isolate_SAfiA-572-35,_complete_genome
5697	2820	 0.063	MN769417.1_MAG:_TTV-like_mini_virus_isolate_SAfiA-478-27,_complete_genome
5698	2792	 0.063	MN771364.1_MAG:_TTV-like_mini_virus_isolate_SAfiA-468-12,_complete_genome
5699	2822	 0.063	MN771125.1_MAG:_TTV-like_mini_virus_isolate_SAfiA-478-32,_complete_genome
5700	2826	 0.063	MN769306.1_MAG:_TTV-like_mini_virus_isolate_SAfiA-380-70,_complete_genome
5701	2640	 0.063	MN775433.1_MAG:_Torque_teno_midi_virus_isolate_SAfiA-412-10_ORF1_gene,_complete_cds
5702	2973	 0.063	MN769938.1_MAG:_TTV-like_mini_virus_isolate_SAfiA-413-2,_complete_genome
5703	2454	 0.062	MN778570.1_MAG:_Torque_teno_midi_virus_isolate_SAfiA-61-62_ORF1_gene,_complete_cds
5704	2551	 0.062	MN776219.1_MAG:_Torque_teno_midi_virus_isolate_SAfiA-5A-40_ORF1_gene,_complete_cds
5705	2839	 0.062	MN768726.1_MAG:_Torque_teno_mini_virus_isolate_SAfiA-849-41,_complete_ORF1
5706	2643	 0.062	MN776958.1_MAG:_Torque_teno_midi_virus_isolate_SAfiA-822-21_ORF1_gene,_complete_cds
5707	2546	 0.062	MN776250.1_MAG:_Torque_teno_midi_virus_isolate_SAfiA-130-34_ORF1_gene,_complete_cds
5708	2654	 0.062	MN769003.1_MAG:_Torque_teno_mini_virus_isolate_SAfiA-306B-49,_complete_ORF1
5709	2482	 0.062	MN775120.1_MAG:_Torque_teno_midi_virus_isolate_SAfiA-116-82_ORF1_gene,_complete_cds
5710	2437	 0.062	MN778078.1_MAG:_Torque_teno_midi_virus_isolate_SAfiA-9-11_ORF1_gene,_complete_cds
5711	2960	 0.062	MN778913.1_MAG:_Torque_teno_midi_virus_isolate_SAfiA-468-2_ORF1_gene,_complete_cds
5712	2821	 0.062	MN769795.1_MAG:_TTV-like_mini_virus_isolate_SAfiA-87-41,_complete_genome
5713	2486	 0.062	MN778854.1_MAG:_Torque_teno_midi_virus_isolate_SAfiA-731-16_ORF1_gene,_complete_cds
5714	2502	 0.062	MN776912.1_MAG:_Torque_teno_midi_virus_isolate_SAfiA-644-58_ORF1_gene,_complete_cds
5715	2594	 0.062	MN776873.1_MAG:_Torque_teno_midi_virus_isolate_SAfiA-867-393_ORF1_gene,_complete_cds
5716	2863	 0.062	MN770495.1_MAG:_TTV-like_mini_virus_isolate_SAfiA-262-10,_complete_genome
5717	2541	 0.062	MN779118.1_MAG:_Torque_teno_midi_virus_isolate_SAfiA-242-104_ORF1_gene,_complete_cds
5718	2600	 0.062	MN777044.1_MAG:_Torque_teno_midi_virus_isolate_SAfiA-478-53_ORF1_gene,_complete_cds
5719	2884	 0.062	MN770421.1_MAG:_TTV-like_mini_virus_isolate_SAfiA-536-7,_complete_genome
5720	2823	 0.062	MN771040.1_MAG:_TTV-like_mini_virus_isolate_SAfiA-701-10,_complete_genome
5721	2939	 0.062	MN770192.1_MAG:_TTV-like_mini_virus_isolate_SAfiA-388-19,_complete_genome
5722	2892	 0.062	MN771119.1_MAG:_TTV-like_mini_virus_isolate_SAfiA-461-9,_complete_genome
5723	2892	 0.062	MN770979.1_MAG:_TTV-like_mini_virus_isolate_SAfiA-333-15,_complete_genome
5724	2533	 0.062	MN778224.1_MAG:_Torque_teno_midi_virus_isolate_SAfiA-396-41_ORF1_gene,_complete_cds
5725	2519	 0.061	MN777700.1_MAG:_Torque_teno_midi_virus_isolate_SAfiA-469-19_ORF1_gene,_complete_cds
5726	2605	 0.061	MN776166.1_MAG:_Torque_teno_midi_virus_isolate_SAfiA-319-47_ORF1_gene,_complete_cds
5727	2550	 0.061	MN778753.1_MAG:_Torque_teno_midi_virus_isolate_SAfiA-450-29_ORF1_gene,_complete_cds
5728	2759	 0.061	MN770492.1_MAG:_TTV-like_mini_virus_isolate_SAfiA-254-13,_complete_genome
5729	2913	 0.061	MN769517.1_MAG:_TTV-like_mini_virus_isolate_SAfiA-573-22,_complete_genome
5730	2452	 0.061	MN779801.1_MAG:_Torque_teno_midi_virus_isolate_SAfiA-116-86_ORF1_gene,_complete_cds
5731	2503	 0.061	MN776385.1_MAG:_Torque_teno_midi_virus_isolate_SAfiA-720-4_ORF1_gene,_complete_cds
5732	2899	 0.061	MN769693.1_MAG:_TTV-like_mini_virus_isolate_SAfiA-687-10,_complete_genome
5733	2813	 0.060	MN769274.1_MAG:_TTV-like_mini_virus_isolate_SAfiA-361-34,_complete_genome
5734	2924	 0.060	MN770852.1_MAG:_TTV-like_mini_virus_isolate_SAfiA-380-20,_complete_genome
5735	2923	 0.060	MN778922.1_MAG:_Torque_teno_midi_virus_isolate_SAfiA-636-84_ORF1_gene,_complete_cds
5736	2645	 0.060	MN778951.1_MAG:_Torque_teno_midi_virus_isolate_SAfiA-380-127_ORF1_gene,_complete_cds
5737	2490	 0.060	MN775864.1_MAG:_Torque_teno_midi_virus_isolate_SAfiA-569-99_ORF1_gene,_complete_cds
5738	2519	 0.060	MN777647.1_MAG:_Torque_teno_midi_virus_isolate_SAfiA-604-59_ORF1_gene,_complete_cds
5739	2499	 0.060	MN776295.1_MAG:_Torque_teno_midi_virus_isolate_SAfiA-624-34_ORF1_gene,_complete_cds
5740	2924	 0.060	MN770144.1_MAG:_TTV-like_mini_virus_isolate_SAfiA-366-11,_complete_genome
5741	2544	 0.060	MN775008.1_MAG:_Torque_teno_midi_virus_isolate_SAfiA-868-46_ORF1_gene,_complete_cds
5742	2889	 0.060	MZ286111.1_Anelloviridae_sp._isolate_SP36_C4,_complete_genome
5743	2914	 0.060	MN770887.1_MAG:_TTV-like_mini_virus_isolate_SAfiA-57-20,_complete_genome
5744	2907	 0.059	MN769819.1_MAG:_TTV-like_mini_virus_isolate_SAfiA-91-20,_complete_genome
5745	2914	 0.059	MN770839.1_MAG:_TTV-like_mini_virus_isolate_SAfiA-223-6,_complete_genome
5746	2816	 0.059	MN768602.1_MAG:_Torque_teno_mini_virus_isolate_SAfiA-676-33,_complete_ORF1
5747	2651	 0.059	MN778766.1_MAG:_Torque_teno_midi_virus_isolate_SAfiA-488-12_ORF1_gene,_complete_cds
5748	2545	 0.059	MN779535.1_MAG:_Torque_teno_midi_virus_isolate_SAfiA-33-55_ORF1_gene,_complete_cds
5749	2875	 0.059	MN769852.1_MAG:_TTV-like_mini_virus_isolate_SAfiA-888-6,_complete_genome
5750	2578	 0.059	MN775936.1_MAG:_Torque_teno_midi_virus_isolate_SAfiA-578-67_ORF1_gene,_complete_cds
5751	2810	 0.059	MN769438.1_MAG:_TTV-like_mini_virus_isolate_SAfiA-500-47,_complete_genome
5752	7487	 0.059	MH118082.1_Coxsackievirus_A10_strain_10-1989-1,_complete_genome
5753	2906	 0.059	MN778531.1_MAG:_Torque_teno_midi_virus_isolate_SAfiA-419-2_ORF1_gene,_complete_cds
5754	2913	 0.059	MN770594.1_MAG:_TTV-like_mini_virus_isolate_SAfiA-388-111,_complete_genome
5755	2491	 0.059	MN775640.1_MAG:_Torque_teno_midi_virus_isolate_SAfiA-346-171_ORF1_gene,_complete_cds
5756	2952	 0.059	MN778920.1_MAG:_Torque_teno_midi_virus_isolate_SAfiA-616-21_ORF1_gene,_complete_cds
5757	2573	 0.059	MN778262.1_MAG:_Torque_teno_midi_virus_isolate_SAfiA-569-72_ORF1_gene,_complete_cds
5758	2560	 0.059	MN778859.1_MAG:_Torque_teno_midi_virus_isolate_SAfiA-773-7_ORF1_gene,_complete_cds
5759	2881	 0.059	MN768606.1_MAG:_Torque_teno_mini_virus_isolate_SAfiA-678-3,_complete_ORF1
5760	2637	 0.059	MN775854.1_MAG:_Torque_teno_midi_virus_isolate_SAfiA-489-0_ORF1_gene,_complete_cds
5761	2504	 0.059	MN778461.1_MAG:_Torque_teno_midi_virus_isolate_SAfiA-883-11_ORF1_gene,_complete_cds
5762	2340	 0.059	MN775873.1_MAG:_Torque_teno_midi_virus_isolate_SAfiA-628-130_ORF1_gene,_complete_cds
5763	2860	 0.059	MN769990.1_MAG:_TTV-like_mini_virus_isolate_SAfiA-628-33,_complete_genome
5764	2805	 0.058	MN771435.1_MAG:_TTV-like_mini_virus_isolate_SAfiA-421-20,_complete_genome
5765	2496	 0.058	MN780281.1_MAG:_Torque_teno_midi_virus_isolate_SAfiA-581-97_ORF1_gene,_complete_cds
5766	2613	 0.058	MN775402.1_MAG:_Torque_teno_midi_virus_isolate_SAfiA-130-28_ORF1_gene,_complete_cds
5767	2429	 0.058	MN775244.1_MAG:_Torque_teno_midi_virus_isolate_SAfiA-404-21_ORF1_gene,_complete_cds
5768	2468	 0.058	MN776535.1_MAG:_Torque_teno_midi_virus_isolate_SAfiA-414-76_ORF1_gene,_complete_cds
5769	2473	 0.058	MN776431.1_MAG:_Torque_teno_midi_virus_isolate_SAfiA-241-62_ORF1_gene,_complete_cds
5770	2590	 0.058	MN775809.1_MAG:_Torque_teno_midi_virus_isolate_SAfiA-547-23_ORF1_gene,_complete_cds
5771	2782	 0.058	MN770126.1_MAG:_TTV-like_mini_virus_isolate_SAfiA-96-21,_complete_genome
5772	2629	 0.058	MN776224.1_MAG:_Torque_teno_midi_virus_isolate_SAfiA-621-14_ORF1_gene,_complete_cds
5773	2963	 0.058	MZ286285.1_Anelloviridae_sp._isolate_SP52_C3,_complete_genome
5774	2560	 0.058	MN779785.1_MAG:_Torque_teno_midi_virus_isolate_SAfiA-836-542_ORF1_gene,_complete_cds
5775	2390	 0.058	MN775345.1_MAG:_Torque_teno_midi_virus_isolate_SAfiA-520-38_ORF1_gene,_complete_cds
5776	2974	 0.058	MN769994.1_MAG:_TTV-like_mini_virus_isolate_SAfiA-658-3,_complete_genome
5777	7189	 0.058	LC699419.1_Rhinovirus_A88_Fukushima_H581_2019_genomic_RNA,_complete_genome
5778	2764	 0.058	MN771057.1_MAG:_TTV-like_mini_virus_isolate_SAfiA-353-49,_complete_genome
5779	2659	 0.058	MN778635.1_MAG:_Torque_teno_midi_virus_isolate_SAfiA-122-29_ORF1_gene,_complete_cds
5780	2501	 0.058	MN775910.1_MAG:_Torque_teno_midi_virus_isolate_SAfiA-268-31_ORF1_gene,_complete_cds
5781	2493	 0.057	MN778474.1_MAG:_Torque_teno_midi_virus_isolate_SAfiA-116-80_ORF1_gene,_complete_cds
5782	2961	 0.057	MN769045.1_MAG:_TTV-like_mini_virus_isolate_SAfiA-108-14,_complete_genome
5783	2769	 0.057	MN778877.1_MAG:_Torque_teno_midi_virus_isolate_SAfiA-861-174_ORF1_gene,_complete_cds
5784	2785	 0.057	MN768739.1_MAG:_Torque_teno_mini_virus_isolate_SAfiA-865-136,_complete_ORF1
5785	2449	 0.057	MN779911.1_MAG:_Torque_teno_midi_virus_isolate_SAfiA-628-218_ORF1_gene,_complete_cds
5786	2846	 0.057	MN771444.1_MAG:_TTV-like_mini_virus_isolate_SAfiA-51-25,_complete_genome
5787	2623	 0.057	MN779622.1_MAG:_Torque_teno_midi_virus_isolate_SAfiA-297-134_ORF1_gene,_complete_cds
5788	2911	 0.057	MN775068.1_MAG:_Torque_teno_midi_virus_isolate_SAfiA-454-5_ORF1_gene,_complete_cds
5789	2653	 0.057	MN778745.1_MAG:_Torque_teno_midi_virus_isolate_SAfiA-426-4_ORF1_gene,_complete_cds
5790	2471	 0.057	MN779445.1_MAG:_Torque_teno_midi_virus_isolate_SAfiA-514-59_ORF1_gene,_complete_cds
5791	2925	 0.057	MZ286231.1_Anelloviridae_sp._isolate_SP6_C2,_complete_genome
5792	2864	 0.057	OL694784.1_Torque_teno_midi_virus_14_isolate_TTMDV-AMS-S1-39_ORF1_gene,_complete_cds
5793	2515	 0.057	MN779796.1_MAG:_Torque_teno_midi_virus_isolate_SAfiA-102-105_ORF1_gene,_complete_cds
5794	2500	 0.057	MN779350.1_MAG:_Torque_teno_midi_virus_isolate_SAfiA-254-125_ORF1_gene,_complete_cds
5795	2192	 0.057	MN777656.1_MAG:_Torque_teno_midi_virus_isolate_SAfiA-626-84_ORF1_gene,_complete_cds
5796	2753	 0.057	MN779326.1_MAG:_Torque_teno_midi_virus_isolate_SAfiA-74-7_ORF1_gene,_complete_cds
5797	2806	 0.057	MN771123.1_MAG:_TTV-like_mini_virus_isolate_SAfiA-475-13,_complete_genome
5798	2588	 0.057	MN776544.1_MAG:_Torque_teno_midi_virus_isolate_SAfiA-50-23_ORF1_gene,_complete_cds
5799	3053	 0.057	MN776319.1_MAG:_Torque_teno_midi_virus_isolate_SAfiA-265-8_ORF1_gene,_complete_cds
5800	7482	 0.056	MH118033.1_Coxsackievirus_A10_strain_17-2579-1,_complete_genome
5801	2923	 0.056	MN770893.1_MAG:_TTV-like_mini_virus_isolate_SAfiA-870-8,_complete_genome
5802	2901	 0.056	MN770467.1_MAG:_TTV-like_mini_virus_isolate_SAfiA-224-20,_complete_genome
5803	2894	 0.056	MN769284.1_MAG:_TTV-like_mini_virus_isolate_SAfiA-365-16,_complete_genome
5804	2616	 0.056	MN778328.1_MAG:_Torque_teno_midi_virus_isolate_SAfiA-810-78_ORF1_gene,_complete_cds
5805	2632	 0.056	MN776395.1_MAG:_Torque_teno_midi_virus_isolate_SAfiA-106A-36_ORF1_gene,_complete_cds
5806	2583	 0.056	MN779595.1_MAG:_Torque_teno_midi_virus_isolate_SAfiA-87-96_ORF1_gene,_complete_cds
5807	2522	 0.056	MN777746.1_MAG:_Torque_teno_midi_virus_isolate_SAfiA-240-30_ORF1_gene,_complete_cds
5808	2838	 0.056	MN770111.1_MAG:_TTV-like_mini_virus_isolate_SAfiA-67-2,_complete_genome
5809	2845	 0.056	MN770599.1_MAG:_TTV-like_mini_virus_isolate_SAfiA-388-140,_complete_genome
5810	2559	 0.056	MN777151.1_MAG:_Torque_teno_midi_virus_isolate_SAfiA-94-60_ORF1_gene,_complete_cds
5811	2385	 0.056	MN779604.1_MAG:_Torque_teno_midi_virus_isolate_SAfiA-130-38_ORF1_gene,_complete_cds
5812	2875	 0.056	MN769987.1_MAG:_TTV-like_mini_virus_isolate_SAfiA-627-4,_complete_genome
5813	2526	 0.056	MN778792.1_MAG:_Torque_teno_midi_virus_isolate_SAfiA-577-239_ORF1_gene,_complete_cds
5814	2907	 0.056	MN770603.1_MAG:_TTV-like_mini_virus_isolate_SAfiA-388-39,_complete_genome
5815	2278	 0.056	MN780262.1_MAG:_Torque_teno_midi_virus_isolate_SAfiA-523-49_ORF1_gene,_complete_cds
5816	2502	 0.056	MN775230.1_MAG:_Torque_teno_midi_virus_isolate_SAfiA-346-158_ORF1_gene,_complete_cds
5817	2928	 0.056	MN770582.1_MAG:_TTV-like_mini_virus_isolate_SAfiA-367-24,_complete_genome
5818	2558	 0.056	MN778215.1_MAG:_Torque_teno_midi_virus_isolate_SAfiA-367-71_ORF1_gene,_complete_cds
5819	3158	 0.056	MN767681.1_MAG:_Torque_teno_virus_isolate_SAfiA-666-14_ORF1_gene,_complete_cds
5820	2899	 0.056	MN769322.1_MAG:_TTV-like_mini_virus_isolate_SAfiA-388-44,_complete_genome
5821	2496	 0.056	MN768842.1_MAG:_Torque_teno_mini_virus_isolate_SAfiA-810-93,_complete_ORF1
5822	2344	 0.055	MN777565.1_MAG:_Torque_teno_midi_virus_isolate_SAfiA-380-226_ORF1_gene,_complete_cds
5823	2571	 0.055	MN776696.1_MAG:_Torque_teno_midi_virus_isolate_SAfiA-640-40_ORF1_gene,_complete_cds
5824	2919	 0.055	MN769123.1_MAG:_TTV-like_mini_virus_isolate_SAfiA-245-16,_complete_genome
5825	2901	 0.055	MN779310.1_MAG:_Torque_teno_midi_virus_isolate_SAfiA-577-123_ORF1_gene,_complete_cds
5826	2928	 0.055	MN770035.1_MAG:_TTV-like_mini_virus_isolate_SAfiA-224-10,_complete_genome
5827	2519	 0.055	MN776864.1_MAG:_Torque_teno_midi_virus_isolate_SAfiA-640-45_ORF1_gene,_complete_cds
5828	2780	 0.055	MN770486.1_MAG:_TTV-like_mini_virus_isolate_SAfiA-245-24,_complete_genome
5829	2991	 0.055	MN770884.1_MAG:_TTV-like_mini_virus_isolate_SAfiA-388-14,_complete_genome
5830	2513	 0.055	MN775705.1_MAG:_Torque_teno_midi_virus_isolate_SAfiA-107-60_ORF1_gene,_complete_cds
5831	2848	 0.055	MN770210.1_MAG:_TTV-like_mini_virus_isolate_SAfiA-122-13,_complete_genome
5832	2461	 0.055	MN776272.1_MAG:_Torque_teno_midi_virus_isolate_SAfiA-442-57_ORF1_gene,_complete_cds
5833	2539	 0.055	MN780120.1_MAG:_Torque_teno_midi_virus_isolate_SAfiA-346-131_ORF1_gene,_complete_cds
5834	2500	 0.055	MN779104.1_MAG:_Torque_teno_midi_virus_isolate_SAfiA-127-40_ORF1_gene,_complete_cds
5835	2911	 0.055	MN770775.1_MAG:_TTV-like_mini_virus_isolate_SAfiA-815-26,_complete_genome
5836	2504	 0.055	MN779989.1_MAG:_Torque_teno_midi_virus_isolate_SAfiA-478-72_ORF1_gene,_complete_cds
5837	2797	 0.055	MN771357.1_MAG:_TTV-like_mini_virus_isolate_SAfiA-35-82,_complete_genome
5838	2520	 0.055	MN775283.1_MAG:_Torque_teno_midi_virus_isolate_SAfiA-644-52_ORF1_gene,_complete_cds
5839	2448	 0.055	MN778548.1_MAG:_Torque_teno_midi_virus_isolate_SAfiA-522-18_ORF1_gene,_complete_cds
5840	2627	 0.055	MN780140.1_MAG:_Torque_teno_midi_virus_isolate_SAfiA-625-30_ORF1_gene,_complete_cds
5841	2550	 0.055	MN777123.1_MAG:_Torque_teno_midi_virus_isolate_SAfiA-70-49_ORF1_gene,_complete_cds
5842	2604	 0.055	MN780463.1_MAG:_Torque_teno_midi_virus_isolate_SAfiA-577-198_ORF1_gene,_complete_cds
5843	2392	 0.055	MN775775.1_MAG:_Torque_teno_midi_virus_isolate_SAfiA-368-37_ORF1_gene,_complete_cds
5844	2599	 0.055	MN775477.1_MAG:_Torque_teno_midi_virus_isolate_SAfiA-479-17_ORF1_gene,_complete_cds
5845	2449	 0.055	MN775346.1_MAG:_Torque_teno_midi_virus_isolate_SAfiA-587-341_ORF1_gene,_complete_cds
5846	2610	 0.055	MN778055.1_MAG:_Torque_teno_midi_virus_isolate_SAfiA-61-20_ORF1_gene,_complete_cds
5847	2399	 0.054	MN778721.1_MAG:_Torque_teno_midi_virus_isolate_SAfiA-369-83_ORF1_gene,_complete_cds
5848	2570	 0.054	MN779723.1_MAG:_Torque_teno_midi_virus_isolate_SAfiA-589-44_ORF1_gene,_complete_cds
5849	2906	 0.054	MN770780.1_MAG:_TTV-like_mini_virus_isolate_SAfiA-834-10,_complete_genome
5850	2515	 0.054	MN777625.1_MAG:_Torque_teno_midi_virus_isolate_SAfiA-581-94_ORF1_gene,_complete_cds
5851	2872	 0.054	MN771423.1_MAG:_TTV-like_mini_virus_isolate_SAfiA-380-32,_complete_genome
5852	2905	 0.054	MN769981.1_MAG:_TTV-like_mini_virus_isolate_SAfiA-604-12,_complete_genome
5853	2506	 0.054	MN779324.1_MAG:_Torque_teno_midi_virus_isolate_SAfiA-700-14_ORF1_gene,_complete_cds
5854	2890	 0.054	MN771260.1_MAG:_TTV-like_mini_virus_isolate_SAfiA-548-9,_complete_genome
5855	3275	 0.054	MZ286176.1_Anelloviridae_sp._isolate_SP49_C1,_complete_genome
5856	2783	 0.054	MN770254.1_MAG:_TTV-like_mini_virus_isolate_SAfiA-331-29,_complete_genome
5857	2497	 0.054	MN778379.1_MAG:_Torque_teno_midi_virus_isolate_SAfiA-319-88_ORF1_gene,_complete_cds
5858	2820	 0.054	MN769675.1_MAG:_TTV-like_mini_virus_isolate_SAfiA-674-7,_complete_genome
5859	2904	 0.054	MN769646.1_MAG:_TTV-like_mini_virus_isolate_SAfiA-64-4,_complete_genome
5860	2489	 0.053	MN778928.1_MAG:_Torque_teno_midi_virus_isolate_SAfiA-254-132_ORF1_gene,_complete_cds
5861	2845	 0.053	MN770512.1_MAG:_TTV-like_mini_virus_isolate_SAfiA-297-104,_complete_genome
5862	2919	 0.053	MN771176.1_MAG:_TTV-like_mini_virus_isolate_SAfiA-721-8,_complete_genome
5863	2946	 0.053	MN769537.1_MAG:_TTV-like_mini_virus_isolate_SAfiA-581-10,_complete_genome
5864	2824	 0.053	MN771185.1_MAG:_TTV-like_mini_virus_isolate_SAfiA-795-17,_complete_genome
5865	2754	 0.053	MN770523.1_MAG:_TTV-like_mini_virus_isolate_SAfiA-309-24,_complete_genome
5866	2754	 0.053	MN768632.1_MAG:_Torque_teno_mini_virus_isolate_SAfiA-69B-59,_complete_ORF1
5867	2555	 0.053	MN778190.1_MAG:_Torque_teno_midi_virus_isolate_SAfiA-33-54_ORF1_gene,_complete_cds
5868	2986	 0.053	MN774954.1_MAG:_Torque_teno_midi_virus_isolate_SAfiA-396-35,_complete_genome
5869	2581	 0.053	MZ286196.1_Anelloviridae_sp._isolate_SP51_C20,_complete_genome
5870	2628	 0.053	MN775695.1_MAG:_Torque_teno_midi_virus_isolate_SAfiA-858-128_ORF1_gene,_complete_cds
5871	2864	 0.053	MN769674.1_MAG:_TTV-like_mini_virus_isolate_SAfiA-674-6,_complete_genome
5872	2533	 0.052	MN779379.1_MAG:_Torque_teno_midi_virus_isolate_SAfiA-546-30_ORF1_gene,_complete_cds
5873	2640	 0.052	MN780408.1_MAG:_Torque_teno_midi_virus_isolate_SAfiA-611-221_ORF1_gene,_complete_cds
5874	2596	 0.052	MN777537.1_MAG:_Torque_teno_midi_virus_isolate_SAfiA-341-25_ORF1_gene,_complete_cds
5875	2598	 0.052	MN775327.1_MAG:_Torque_teno_midi_virus_isolate_SAfiA-535-19_ORF1_gene,_complete_cds
5876	2538	 0.052	MN779565.1_MAG:_Torque_teno_midi_virus_isolate_SAfiA-5A-42_ORF1_gene,_complete_cds
5877	2628	 0.052	MN775708.1_MAG:_Torque_teno_midi_virus_isolate_SAfiA-13-12_ORF1_gene,_complete_cds
5878	2473	 0.052	MN776474.1_MAG:_Torque_teno_midi_virus_isolate_SAfiA-628-122_ORF1_gene,_complete_cds
5879	2783	 0.052	MN769809.1_MAG:_TTV-like_mini_virus_isolate_SAfiA-88-33,_complete_genome
5880	2802	 0.052	MN771347.1_MAG:_TTV-like_mini_virus_isolate_SAfiA-238-18,_complete_genome
5881	2574	 0.052	MN777514.1_MAG:_Torque_teno_midi_virus_isolate_SAfiA-276-14_ORF1_gene,_complete_cds
5882	2504	 0.052	MN780248.1_MAG:_Torque_teno_midi_virus_isolate_SAfiA-478-73_ORF1_gene,_complete_cds
5883	2545	 0.052	MN775744.1_MAG:_Torque_teno_midi_virus_isolate_SAfiA-297-143_ORF1_gene,_complete_cds
5884	7180	 0.052	LC699414.1_Rhinovirus_A78_Fukushima_H260_2018_genomic_RNA,_complete_genome
5885	2549	 0.052	MN780081.1_MAG:_Torque_teno_midi_virus_isolate_SAfiA-475-39_ORF1_gene,_complete_cds
5886	2611	 0.052	MN776694.1_MAG:_Torque_teno_midi_virus_isolate_SAfiA-628-77_ORF1_gene,_complete_cds
5887	2873	 0.051	MN769626.1_MAG:_TTV-like_mini_virus_isolate_SAfiA-61-9,_complete_genome
5888	2839	 0.051	MN770090.1_MAG:_TTV-like_mini_virus_isolate_SAfiA-573-38,_complete_genome
5889	2684	 0.051	MN778852.1_MAG:_Torque_teno_midi_virus_isolate_SAfiA-728-7_ORF1_gene,_complete_cds
5890	2928	 0.051	MN770547.1_MAG:_TTV-like_mini_virus_isolate_SAfiA-334-18,_complete_genome
5891	2874	 0.051	MN769317.1_MAG:_TTV-like_mini_virus_isolate_SAfiA-388-126,_complete_genome
5892	2313	 0.051	MN779635.1_MAG:_Torque_teno_midi_virus_isolate_SAfiA-330-41_ORF1_gene,_complete_cds
5893	2589	 0.051	MN779627.1_MAG:_Torque_teno_midi_virus_isolate_SAfiA-319-59_ORF1_gene,_complete_cds
5894	2781	 0.051	MN768703.1_MAG:_Torque_teno_mini_virus_isolate_SAfiA-817-9,_complete_ORF1
5895	2659	 0.051	MN779009.1_MAG:_Torque_teno_midi_virus_isolate_SAfiA-651-39_ORF1_gene,_complete_cds
5896	2893	 0.051	MN769447.1_MAG:_TTV-like_mini_virus_isolate_SAfiA-511-13,_complete_genome
5897	3162	 0.051	MN767647.1_MAG:_Torque_teno_virus_isolate_SAfiA-721-1_ORF1_gene,_complete_cds
5898	2656	 0.051	MN776154.1_MAG:_Torque_teno_midi_virus_isolate_SAfiA-238-24_ORF1_gene,_complete_cds
5899	2491	 0.050	MN777163.1_MAG:_Torque_teno_midi_virus_isolate_SAfiA-39-42_ORF1_gene,_complete_cds
5900	2529	 0.050	MN778760.1_MAG:_Torque_teno_midi_virus_isolate_SAfiA-475-41_ORF1_gene,_complete_cds
5901	2849	 0.050	MN769464.1_MAG:_TTV-like_mini_virus_isolate_SAfiA-529-15,_complete_genome
5902	2638	 0.050	MN776171.1_MAG:_Torque_teno_midi_virus_isolate_SAfiA-330-22_ORF1_gene,_complete_cds
5903	2908	 0.050	MN769173.1_MAG:_TTV-like_mini_virus_isolate_SAfiA-309-17,_complete_genome
5904	2830	 0.050	MN770819.1_MAG:_TTV-like_mini_virus_isolate_SAfiA-367-32,_complete_genome
5905	2703	 0.050	MN768937.1_MAG:_Torque_teno_mini_virus_isolate_SAfiA-266-23,_complete_ORF1
5906	2539	 0.050	MN778392.1_MAG:_Torque_teno_midi_virus_isolate_SAfiA-37-23_ORF1_gene,_complete_cds
5907	2403	 0.050	MN778142.1_MAG:_Torque_teno_midi_virus_isolate_SAfiA-659-58_ORF1_gene,_complete_cds
5908	2927	 0.050	MN771194.1_MAG:_TTV-like_mini_virus_isolate_SAfiA-854-11,_complete_genome
5909	2566	 0.050	MN775259.1_MAG:_Torque_teno_midi_virus_isolate_SAfiA-523-39_ORF1_gene,_complete_cds
5910	2451	 0.050	MN775017.1_MAG:_Torque_teno_midi_virus_isolate_SAfiA-346-193_ORF1_gene,_complete_cds
5911	2916	 0.050	MN769414.1_MAG:_TTV-like_mini_virus_isolate_SAfiA-478-15,_complete_genome
5912	2960	 0.050	MN776337.1_MAG:_Torque_teno_midi_virus_isolate_SAfiA-454-8_ORF1_gene,_complete_cds
5913	2811	 0.050	MN769797.1_MAG:_TTV-like_mini_virus_isolate_SAfiA-87-44,_complete_genome
5914	2473	 0.050	MN776664.1_MAG:_Torque_teno_midi_virus_isolate_SAfiA-569-101_ORF1_gene,_complete_cds
5915	2564	 0.050	MN778826.1_MAG:_Torque_teno_midi_virus_isolate_SAfiA-642-70_ORF1_gene,_complete_cds
5916	2478	 0.050	MN776918.1_MAG:_Torque_teno_midi_virus_isolate_SAfiA-861-300_ORF1_gene,_complete_cds
5917	2541	 0.050	MN777198.1_MAG:_Torque_teno_midi_virus_isolate_SAfiA-396-38_ORF1_gene,_complete_cds
5918	2515	 0.050	MN777772.1_MAG:_Torque_teno_midi_virus_isolate_SAfiA-319-80_ORF1_gene,_complete_cds
5919	2687	 0.049	MN776830.1_MAG:_Torque_teno_midi_virus_isolate_SAfiA-526-14_ORF1_gene,_complete_cds
5920	2395	 0.049	MN775593.1_MAG:_Torque_teno_midi_virus_isolate_SAfiA-346-202_ORF1_gene,_complete_cds
5921	2661	 0.049	MN778191.1_MAG:_Torque_teno_midi_virus_isolate_SAfiA-341-21_ORF1_gene,_complete_cds
5922	3046	 0.049	MN770112.1_MAG:_TTV-like_mini_virus_isolate_SAfiA-676-2,_complete_genome
5923	2909	 0.049	MN768847.1_MAG:_Torque_teno_mini_virus_isolate_SAfiA-231-12,_complete_ORF1
5924	2931	 0.049	MN771482.1_MAG:_TTV-like_mini_virus_isolate_SAfiA-636-86,_complete_genome
5925	2439	 0.049	MN775837.1_MAG:_Torque_teno_midi_virus_isolate_SAfiA-342-47_ORF1_gene,_complete_cds
5926	2833	 0.049	MN770142.1_MAG:_TTV-like_mini_virus_isolate_SAfiA-350-51,_complete_genome
5927	2509	 0.049	MN779879.1_MAG:_Torque_teno_midi_virus_isolate_SAfiA-885-9_ORF1_gene,_complete_cds
5928	2490	 0.049	MN775016.1_MAG:_Torque_teno_midi_virus_isolate_SAfiA-346-173_ORF1_gene,_complete_cds
5929	2569	 0.049	MN768803.1_MAG:_Torque_teno_mini_virus_isolate_SAfiA-99-32,_complete_ORF1
5930	2803	 0.049	MN769109.1_MAG:_TTV-like_mini_virus_isolate_SAfiA-235-49,_complete_genome
5931	2634	 0.049	MN778431.1_MAG:_Torque_teno_midi_virus_isolate_SAfiA-595-51_ORF1_gene,_complete_cds
5932	2876	 0.049	MN771436.1_MAG:_TTV-like_mini_virus_isolate_SAfiA-452-4,_complete_genome
5933	2496	 0.049	MN776447.1_MAG:_Torque_teno_midi_virus_isolate_SAfiA-380-197_ORF1_gene,_complete_cds
5934	2604	 0.049	MN777457.1_MAG:_Torque_teno_midi_virus_isolate_SAfiA-644-37_ORF1_gene,_complete_cds
5935	2762	 0.049	MZ286257.1_Anelloviridae_sp._isolate_SP30_C7,_complete_genome
5936	2523	 0.049	MN776030.1_MAG:_Torque_teno_midi_virus_isolate_SAfiA-626-61_ORF1_gene,_complete_cds
5937	2874	 0.048	MN769096.1_MAG:_TTV-like_mini_virus_isolate_SAfiA-231-6,_complete_genome
5938	2935	 0.048	MN769295.1_MAG:_TTV-like_mini_virus_isolate_SAfiA-377-3,_complete_genome
5939	3179	 0.048	MN774942.1_MAG:_Torque_teno_midi_virus_isolate_SAfiA-498-1,_complete_genome
5940	2664	 0.048	MN778747.1_MAG:_Torque_teno_midi_virus_isolate_SAfiA-4-32_ORF1_gene,_complete_cds
5941	2959	 0.048	MN771328.1_MAG:_TTV-like_mini_virus_isolate_SAfiA-401-11,_complete_genome
5942	2504	 0.048	MN778450.1_MAG:_Torque_teno_midi_virus_isolate_SAfiA-70-56_ORF1_gene,_complete_cds
5943	2943	 0.048	MN769535.1_MAG:_TTV-like_mini_virus_isolate_SAfiA-577-77,_complete_genome
5944	2841	 0.048	MN770552.1_MAG:_TTV-like_mini_virus_isolate_SAfiA-341-16,_complete_genome
5945	2567	 0.048	MN776903.1_MAG:_Torque_teno_midi_virus_isolate_SAfiA-414-55_ORF1_gene,_complete_cds
5946	2401	 0.048	MN775273.1_MAG:_Torque_teno_midi_virus_isolate_SAfiA-587-342_ORF1_gene,_complete_cds
5947	2616	 0.048	MN776173.1_MAG:_Torque_teno_midi_virus_isolate_SAfiA-331-34_ORF1_gene,_complete_cds
5948	2594	 0.048	MN776373.1_MAG:_Torque_teno_midi_virus_isolate_SAfiA-462-4_ORF1_gene,_complete_cds
5949	3065	 0.048	MN774936.1_MAG:_Torque_teno_midi_virus_isolate_SAfiA-362-29,_complete_genome
5950	2739	 0.048	MN780179.1_MAG:_Torque_teno_midi_virus_isolate_SAfiA-272-11_ORF1_gene,_complete_cds
5951	2660	 0.047	MN768588.1_MAG:_Torque_teno_mini_virus_isolate_SAfiA-667-20,_complete_ORF1
5952	2410	 0.047	OL694787.1_Torque_teno_mini_virus_2_isolate_TTMV-AMS-S1-42_ORF1_gene,_complete_cds
5953	2560	 0.047	MN778056.1_MAG:_Torque_teno_midi_virus_isolate_SAfiA-615-1013_ORF1_gene,_complete_cds
5954	2971	 0.047	MN770670.1_MAG:_TTV-like_mini_virus_isolate_SAfiA-572-18,_complete_genome
5955	2910	 0.047	MN779303.1_MAG:_Torque_teno_midi_virus_isolate_SAfiA-498-6_ORF1_gene,_complete_cds
5956	2579	 0.047	MN777270.1_MAG:_Torque_teno_midi_virus_isolate_SAfiA-766-329_ORF1_gene,_complete_cds
5957	2786	 0.047	MN769401.1_MAG:_TTV-like_mini_virus_isolate_SAfiA-469-10,_complete_genome
5958	2836	 0.047	MN770646.1_MAG:_TTV-like_mini_virus_isolate_SAfiA-511-14,_complete_genome
5959	2942	 0.047	MN769685.1_MAG:_TTV-like_mini_virus_isolate_SAfiA-679-15,_complete_genome
5960	2635	 0.047	MN775808.1_MAG:_Torque_teno_midi_virus_isolate_SAfiA-54-4_ORF1_gene,_complete_cds
5961	2527	 0.047	MN778836.1_MAG:_Torque_teno_midi_virus_isolate_SAfiA-667-37_ORF1_gene,_complete_cds
5962	2671	 0.047	MN780145.1_MAG:_Torque_teno_midi_virus_isolate_SAfiA-721-34_ORF1_gene,_complete_cds
5963	2570	 0.046	MN779850.1_MAG:_Torque_teno_midi_virus_isolate_SAfiA-569-92_ORF1_gene,_complete_cds
5964	2457	 0.046	MN778595.1_MAG:_Torque_teno_midi_virus_isolate_SAfiA-665-12_ORF1_gene,_complete_cds
5965	2592	 0.046	MN777497.1_MAG:_Torque_teno_midi_virus_isolate_SAfiA-235-93_ORF1_gene,_complete_cds
5966	2464	 0.046	MN776558.1_MAG:_Torque_teno_midi_virus_isolate_SAfiA-61-61_ORF1_gene,_complete_cds
5967	2885	 0.046	MN769251.1_MAG:_TTV-like_mini_virus_isolate_SAfiA-353-39,_complete_genome
5968	2533	 0.046	MN776902.1_MAG:_Torque_teno_midi_virus_isolate_SAfiA-398-42_ORF1_gene,_complete_cds
5969	2902	 0.046	MN770753.1_MAG:_TTV-like_mini_virus_isolate_SAfiA-690-3,_complete_genome
5970	2536	 0.046	MN775759.1_MAG:_Torque_teno_midi_virus_isolate_SAfiA-566-52_ORF1_gene,_complete_cds
5971	3025	 0.046	MN766134.1_MAG:_Torque_teno_virus_isolate_SAfiA-250-7_ORF1_gene,_complete_cds
5972	2905	 0.046	MN778916.1_MAG:_Torque_teno_midi_virus_isolate_SAfiA-578-9_ORF1_gene,_complete_cds
5973	2506	 0.046	MN779262.1_MAG:_Torque_teno_midi_virus_isolate_SAfiA-106A-53_ORF1_gene,_complete_cds
5974	2493	 0.046	MN776076.1_MAG:_Torque_teno_midi_virus_isolate_SAfiA-498-18_ORF1_gene,_complete_cds
5975	2935	 0.046	MN769408.1_MAG:_TTV-like_mini_virus_isolate_SAfiA-476-3,_complete_genome
5976	2649	 0.045	MN778173.1_MAG:_Torque_teno_midi_virus_isolate_SAfiA-245-31_ORF1_gene,_complete_cds
5977	2612	 0.045	MN768638.1_MAG:_Torque_teno_mini_virus_isolate_SAfiA-70-36,_complete_ORF1
5978	2991	 0.045	MN770356.1_MAG:_TTV-like_mini_virus_isolate_SAfiA-367-10,_complete_genome
5979	2906	 0.045	MN770177.1_MAG:_TTV-like_mini_virus_isolate_SAfiA-118-5,_complete_genome
5980	2821	 0.045	MN770885.1_MAG:_TTV-like_mini_virus_isolate_SAfiA-402-17,_complete_genome
5981	2775	 0.045	MZ286001.1_Anelloviridae_sp._isolate_SP8_C3,_complete_genome
5982	2823	 0.045	MN771039.1_MAG:_TTV-like_mini_virus_isolate_SAfiA-50-16,_complete_genome
5983	2803	 0.045	MN771141.1_MAG:_TTV-like_mini_virus_isolate_SAfiA-566-25,_complete_genome
5984	2883	 0.045	MN769601.1_MAG:_TTV-like_mini_virus_isolate_SAfiA-610-16,_complete_genome
5985	2504	 0.045	MN777193.1_MAG:_Torque_teno_midi_virus_isolate_SAfiA-313B-60_ORF1_gene,_complete_cds
5986	2817	 0.045	MN771464.1_MAG:_TTV-like_mini_virus_isolate_SAfiA-587-106,_complete_genome
5987	2539	 0.045	MN778208.1_MAG:_Torque_teno_midi_virus_isolate_SAfiA-353-119_ORF1_gene,_complete_cds
5988	2543	 0.045	MN779510.1_MAG:_Torque_teno_midi_virus_isolate_SAfiA-578-79_ORF1_gene,_complete_cds
5989	2545	 0.044	MN777115.1_MAG:_Torque_teno_midi_virus_isolate_SAfiA-659-50_ORF1_gene,_complete_cds
5990	2793	 0.044	MN771272.1_MAG:_TTV-like_mini_virus_isolate_SAfiA-587-87,_complete_genome
5991	2852	 0.044	MN768708.1_MAG:_Torque_teno_mini_virus_isolate_SAfiA-82-4,_complete_ORF1
5992	2889	 0.044	MN770109.1_MAG:_TTV-like_mini_virus_isolate_SAfiA-650-7,_complete_genome
5993	2536	 0.044	MN768860.1_MAG:_Torque_teno_mini_virus_isolate_SAfiA-234-76,_complete_ORF1
5994	2815	 0.044	MN770439.1_MAG:_TTV-like_mini_virus_isolate_SAfiA-122-16,_complete_genome
5995	2624	 0.044	MN779467.1_MAG:_Torque_teno_midi_virus_isolate_SAfiA-865-164_ORF1_gene,_complete_cds
5996	2835	 0.044	MN771236.1_MAG:_TTV-like_mini_virus_isolate_SAfiA-350-31,_complete_genome
5997	2539	 0.044	MN775844.1_MAG:_Torque_teno_midi_virus_isolate_SAfiA-380-183_ORF1_gene,_complete_cds
5998	2843	 0.044	MN771255.1_MAG:_TTV-like_mini_virus_isolate_SAfiA-478-21,_complete_genome
5999	2864	 0.044	MN771086.1_MAG:_TTV-like_mini_virus_isolate_SAfiA-244-14,_complete_genome
6000	2607	 0.044	MN768831.1_MAG:_Torque_teno_mini_virus_isolate_SAfiA-77-192,_complete_ORF1
6001	2950	 0.044	MN771168.1_MAG:_TTV-like_mini_virus_isolate_SAfiA-687-7,_complete_genome
6002	2444	 0.044	MN777583.1_MAG:_Torque_teno_midi_virus_isolate_SAfiA-436-11_ORF1_gene,_complete_cds
6003	3630	 0.044	MN767624.1_MAG:_Torque_teno_virus_isolate_SAfiA-628-3_ORF1_gene,_complete_cds
6004	2859	 0.043	MN769460.1_MAG:_TTV-like_mini_virus_isolate_SAfiA-521-13,_complete_genome
6005	2910	 0.043	MN770553.1_MAG:_TTV-like_mini_virus_isolate_SAfiA-341-9,_complete_genome
6006	3016	 0.043	MN775077.1_MAG:_Torque_teno_midi_virus_isolate_SAfiA-87-10_ORF1_gene,_complete_cds
6007	3027	 0.043	MN165098.1_TTV-like_mini_virus_isolate_Chzj0264_hypothetical_protein_gene,_complete_cds
6008	2914	 0.043	MN771488.1_MAG:_TTV-like_mini_virus_isolate_SAfiA-667-10,_complete_genome
6009	2845	 0.043	MN770666.1_MAG:_TTV-like_mini_virus_isolate_SAfiA-566-26,_complete_genome
6010	3622	 0.043	MN768117.1_MAG:_Torque_teno_virus_isolate_SAfiA-691-0_ORF1_gene,_complete_cds
6011	2895	 0.043	MN770331.1_MAG:_TTV-like_mini_virus_isolate_SAfiA-765-10,_complete_genome
6012	2876	 0.043	MZ286237.1_Anelloviridae_sp._isolate_SP9_C1,_complete_genome
6013	2544	 0.043	MN776202.1_MAG:_Torque_teno_midi_virus_isolate_SAfiA-520-29_ORF1_gene,_complete_cds
6014	2568	 0.043	MN768645.1_MAG:_Torque_teno_mini_virus_isolate_SAfiA-712-9,_complete_ORF1
6015	2875	 0.043	MN769912.1_MAG:_TTV-like_mini_virus_isolate_SAfiA-349-41,_complete_genome
6016	2464	 0.043	MN775431.1_MAG:_Torque_teno_midi_virus_isolate_SAfiA-39-48_ORF1_gene,_complete_cds
6017	2877	 0.042	MN769154.1_MAG:_TTV-like_mini_virus_isolate_SAfiA-277-25,_complete_genome
6018	2645	 0.042	MN775923.1_MAG:_Torque_teno_midi_virus_isolate_SAfiA-393-39_ORF1_gene,_complete_cds
6019	2944	 0.042	MN770179.1_MAG:_TTV-like_mini_virus_isolate_SAfiA-275-30,_complete_genome
6020	2480	 0.042	MN778403.1_MAG:_Torque_teno_midi_virus_isolate_SAfiA-402-77_ORF1_gene,_complete_cds
6021	2782	 0.042	MN770121.1_MAG:_TTV-like_mini_virus_isolate_SAfiA-87-54,_complete_genome
6022	2512	 0.042	MN779533.1_MAG:_Torque_teno_midi_virus_isolate_SAfiA-317-23_ORF1_gene,_complete_cds
6023	2909	 0.042	MN769699.1_MAG:_TTV-like_mini_virus_isolate_SAfiA-696-3,_complete_genome
6024	2994	 0.042	MN770475.1_MAG:_TTV-like_mini_virus_isolate_SAfiA-232-9,_complete_genome
6025	2659	 0.042	MN779756.1_MAG:_Torque_teno_midi_virus_isolate_SAfiA-663-10_ORF1_gene,_complete_cds
6026	2548	 0.042	MN777896.1_MAG:_Torque_teno_midi_virus_isolate_SAfiA-11-70_ORF1_gene,_complete_cds
6027	2938	 0.042	MN771059.1_MAG:_TTV-like_mini_virus_isolate_SAfiA-369-14,_complete_genome
6028	2646	 0.042	MN778236.1_MAG:_Torque_teno_midi_virus_isolate_SAfiA-442-25_ORF1_gene,_complete_cds
6029	2493	 0.041	MN777335.1_MAG:_Torque_teno_midi_virus_isolate_SAfiA-88-58_ORF1_gene,_complete_cds
6030	2741	 0.041	MN778149.1_MAG:_Torque_teno_midi_virus_isolate_SAfiA-10-20_ORF1_gene,_complete_cds
6031	2526	 0.041	MN775373.1_MAG:_Torque_teno_midi_virus_isolate_SAfiA-353-124_ORF1_gene,_complete_cds
6032	2473	 0.041	MN775293.1_MAG:_Torque_teno_midi_virus_isolate_SAfiA-707-8_ORF1_gene,_complete_cds
6033	2571	 0.041	MN777283.1_MAG:_Torque_teno_midi_virus_isolate_SAfiA-215B-4_ORF1_gene,_complete_cds
6034	2501	 0.041	MN775313.1_MAG:_Torque_teno_midi_virus_isolate_SAfiA-94-68_ORF1_gene,_complete_cds
6035	2560	 0.041	MN775320.1_MAG:_Torque_teno_midi_virus_isolate_SAfiA-315-58_ORF1_gene,_complete_cds
6036	2574	 0.041	MN778130.1_MAG:_Torque_teno_midi_virus_isolate_SAfiA-540-5_ORF1_gene,_complete_cds
6037	2616	 0.041	MN779422.1_MAG:_Torque_teno_midi_virus_isolate_SAfiA-314-51_ORF1_gene,_complete_cds
6038	2826	 0.041	MN771278.1_MAG:_TTV-like_mini_virus_isolate_SAfiA-614-11,_complete_genome
6039	2487	 0.041	MN778027.1_MAG:_Torque_teno_midi_virus_isolate_SAfiA-509-18_ORF1_gene,_complete_cds
6040	2627	 0.041	MN779294.1_MAG:_Torque_teno_midi_virus_isolate_SAfiA-350-63_ORF1_gene,_complete_cds
6041	2907	 0.041	MN770275.1_MAG:_TTV-like_mini_virus_isolate_SAfiA-849-33,_complete_genome
6042	3223	 0.041	MZ285962.1_Anelloviridae_sp._isolate_SP1_C1,_complete_genome
6043	2839	 0.041	MN770043.1_MAG:_TTV-like_mini_virus_isolate_SAfiA-263-20,_complete_genome
6044	2888	 0.041	MN770374.1_MAG:_TTV-like_mini_virus_isolate_SAfiA-542-39,_complete_genome
6045	2922	 0.041	MN770311.1_MAG:_TTV-like_mini_virus_isolate_SAfiA-414-9,_complete_genome
6046	2874	 0.041	MN769688.1_MAG:_TTV-like_mini_virus_isolate_SAfiA-684-8,_complete_genome
6047	2820	 0.041	MN769791.1_MAG:_TTV-like_mini_virus_isolate_SAfiA-873-38,_complete_genome
6048	2822	 0.041	MN771140.1_MAG:_TTV-like_mini_virus_isolate_SAfiA-564-2,_complete_genome
6049	2487	 0.040	MN779921.1_MAG:_Torque_teno_midi_virus_isolate_SAfiA-315-70_ORF1_gene,_complete_cds
6050	3301	 0.040	MN774988.1_MAG:_Torque_teno_midi_virus_isolate_SAfiA-353-59,_complete_genome
6051	2502	 0.040	MN777981.1_MAG:_Torque_teno_midi_virus_isolate_SAfiA-245-44_ORF1_gene,_complete_cds
6052	2480	 0.040	MN776511.1_MAG:_Torque_teno_midi_virus_isolate_SAfiA-254-134_ORF1_gene,_complete_cds
6053	2485	 0.040	MN778536.1_MAG:_Torque_teno_midi_virus_isolate_SAfiA-43-22_ORF1_gene,_complete_cds
6054	2900	 0.040	MN770868.1_MAG:_TTV-like_mini_virus_isolate_SAfiA-32-2,_complete_genome
6055	2572	 0.040	MN775662.1_MAG:_Torque_teno_midi_virus_isolate_SAfiA-514-50_ORF1_gene,_complete_cds
6056	2493	 0.040	MN775890.1_MAG:_Torque_teno_midi_virus_isolate_SAfiA-235-122_ORF1_gene,_complete_cds
6057	2529	 0.040	MN778537.1_MAG:_Torque_teno_midi_virus_isolate_SAfiA-442-51_ORF1_gene,_complete_cds
6058	2386	 0.040	MN780175.1_MAG:_Torque_teno_midi_virus_isolate_SAfiA-254-143_ORF1_gene,_complete_cds
6059	2527	 0.040	MN779798.1_MAG:_Torque_teno_midi_virus_isolate_SAfiA-107-58_ORF1_gene,_complete_cds
6060	2443	 0.040	MN775256.1_MAG:_Torque_teno_midi_virus_isolate_SAfiA-502-43_ORF1_gene,_complete_cds
6061	2814	 0.040	MN770363.1_MAG:_TTV-like_mini_virus_isolate_SAfiA-388-138,_complete_genome
6062	2806	 0.040	MN771160.1_MAG:_TTV-like_mini_virus_isolate_SAfiA-67-4,_complete_genome
6063	2597	 0.040	MN778354.1_MAG:_Torque_teno_midi_virus_isolate_SAfiA-116-58_ORF1_gene,_complete_cds
6064	2966	 0.039	MN769115.1_MAG:_TTV-like_mini_virus_isolate_SAfiA-241-14,_complete_genome
6065	2963	 0.039	MN767586.1_MAG:_Torque_teno_virus_isolate_SAfiA-367-30_ORF1_gene,_complete_cds
6066	2706	 0.039	MN779672.1_MAG:_Torque_teno_midi_virus_isolate_SAfiA-409-4_ORF1_gene,_complete_cds
6067	2506	 0.039	MN778045.1_MAG:_Torque_teno_midi_virus_isolate_SAfiA-590-173_ORF1_gene,_complete_cds
6068	2959	 0.039	MN771324.1_MAG:_TTV-like_mini_virus_isolate_SAfiA-338-10,_complete_genome
6069	2641	 0.039	MN768569.1_MAG:_Torque_teno_mini_virus_isolate_SAfiA-654-14,_complete_ORF1
6070	2951	 0.039	MN770066.1_MAG:_TTV-like_mini_virus_isolate_SAfiA-364-3,_complete_genome
6071	2619	 0.039	MN778346.1_MAG:_Torque_teno_midi_virus_isolate_SAfiA-84-14_ORF1_gene,_complete_cds
6072	2528	 0.039	MN775436.1_MAG:_Torque_teno_midi_virus_isolate_SAfiA-414-62_ORF1_gene,_complete_cds
6073	2530	 0.039	MN779033.1_MAG:_Torque_teno_midi_virus_isolate_SAfiA-865-178_ORF1_gene,_complete_cds
6074	2899	 0.039	MN770911.1_MAG:_TTV-like_mini_virus_isolate_SAfiA-362-13,_complete_genome
6075	2224	 0.039	MN776576.1_MAG:_Torque_teno_midi_virus_isolate_SAfiA-842-25_ORF1_gene,_complete_cds
6076	2959	 0.039	MN771316.1_MAG:_TTV-like_mini_virus_isolate_SAfiA-870-6,_complete_genome
6077	2664	 0.039	MN768948.1_MAG:_Torque_teno_mini_virus_isolate_SAfiA-272-13,_complete_ORF1
6078	2483	 0.039	MN777499.1_MAG:_Torque_teno_midi_virus_isolate_SAfiA-240-42_ORF1_gene,_complete_cds
6079	2500	 0.039	MN777221.1_MAG:_Torque_teno_midi_virus_isolate_SAfiA-630A-34_ORF1_gene,_complete_cds
6080	2686	 0.039	MN780350.1_MAG:_Torque_teno_midi_virus_isolate_SAfiA-469-12_ORF1_gene,_complete_cds
6081	2522	 0.038	MN777192.1_MAG:_Torque_teno_midi_virus_isolate_SAfiA-313A-72_ORF1_gene,_complete_cds
6082	2898	 0.038	MN769327.1_MAG:_TTV-like_mini_virus_isolate_SAfiA-388-74,_complete_genome
6083	2629	 0.038	MN779029.1_MAG:_Torque_teno_midi_virus_isolate_SAfiA-610-37_ORF1_gene,_complete_cds
6084	2910	 0.038	MN770772.1_MAG:_TTV-like_mini_virus_isolate_SAfiA-810-46,_complete_genome
6085	2582	 0.038	MN776814.1_MAG:_Torque_teno_midi_virus_isolate_SAfiA-4-41_ORF1_gene,_complete_cds
6086	2814	 0.038	MN770945.1_MAG:_TTV-like_mini_virus_isolate_SAfiA-482-12,_complete_genome
6087	2853	 0.038	MN771149.1_MAG:_TTV-like_mini_virus_isolate_SAfiA-610-19,_complete_genome
6088	2605	 0.038	MN775099.1_MAG:_Torque_teno_midi_virus_isolate_SAfiA-353-98_ORF1_gene,_complete_cds
6089	2918	 0.038	MN769340.1_MAG:_TTV-like_mini_virus_isolate_SAfiA-396-7,_complete_genome
6090	2485	 0.038	MN778274.1_MAG:_Torque_teno_midi_virus_isolate_SAfiA-590-201_ORF1_gene,_complete_cds
6091	2458	 0.038	MN779038.1_MAG:_Torque_teno_midi_virus_isolate_SAfiA-331-61_ORF1_gene,_complete_cds
6092	2959	 0.038	MN771323.1_MAG:_TTV-like_mini_virus_isolate_SAfiA-315-15,_complete_genome
6093	2864	 0.038	MN769090.1_MAG:_TTV-like_mini_virus_isolate_SAfiA-227-13,_complete_genome
6094	2516	 0.038	MN775023.1_MAG:_Torque_teno_midi_virus_isolate_SAfiA-611-280_ORF1_gene,_complete_cds
6095	2837	 0.038	MZ286283.1_Anelloviridae_sp._isolate_SP51_C8,_complete_genome
6096	2899	 0.038	MN769683.1_MAG:_TTV-like_mini_virus_isolate_SAfiA-679-12,_complete_genome
6097	2680	 0.038	MN776879.1_MAG:_Torque_teno_midi_virus_isolate_SAfiA-235-65_ORF1_gene,_complete_cds
6098	2579	 0.037	MN776197.1_MAG:_Torque_teno_midi_virus_isolate_SAfiA-500-87_ORF1_gene,_complete_cds
6099	2932	 0.037	MN771498.1_MAG:_TTV-like_mini_virus_isolate_SAfiA-756-3,_complete_genome
6100	2519	 0.037	MN778648.1_MAG:_Torque_teno_midi_virus_isolate_SAfiA-241-56_ORF1_gene,_complete_cds
6101	2892	 0.037	MN771387.1_MAG:_TTV-like_mini_virus_isolate_SAfiA-810-56,_complete_genome
6102	2682	 0.037	MN775060.1_MAG:_Torque_teno_midi_virus_isolate_SAfiA-296-23_ORF1_gene,_complete_cds
6103	2313	 0.037	MN777829.1_MAG:_Torque_teno_midi_virus_isolate_SAfiA-517-21_ORF1_gene,_complete_cds
6104	2411	 0.037	MN777304.1_MAG:_Torque_teno_midi_virus_isolate_SAfiA-842-21_ORF1_gene,_complete_cds
6105	2519	 0.037	MN778881.1_MAG:_Torque_teno_midi_virus_isolate_SAfiA-866-565_ORF1_gene,_complete_cds
6106	2959	 0.037	MN771332.1_MAG:_TTV-like_mini_virus_isolate_SAfiA-558-7,_complete_genome
6107	2876	 0.037	MN769258.1_MAG:_TTV-like_mini_virus_isolate_SAfiA-35-62,_complete_genome
6108	2501	 0.037	MN765440.1_MAG:_Torque_teno_virus_isolate_SAfiA-50-28_ORF1_gene,_complete_cds
6109	2449	 0.037	MN777329.1_MAG:_Torque_teno_midi_virus_isolate_SAfiA-611-303_ORF1_gene,_complete_cds
6110	2545	 0.037	MN780183.1_MAG:_Torque_teno_midi_virus_isolate_SAfiA-274-58_ORF1_gene,_complete_cds
6111	2534	 0.037	MN775405.1_MAG:_Torque_teno_midi_virus_isolate_SAfiA-242-105_ORF1_gene,_complete_cds
6112	2930	 0.037	MN771384.1_MAG:_TTV-like_mini_virus_isolate_SAfiA-782-7,_complete_genome
6113	2677	 0.036	MN778070.1_MAG:_Torque_teno_midi_virus_isolate_SAfiA-756-6_ORF1_gene,_complete_cds
6114	2802	 0.036	MN770099.1_MAG:_TTV-like_mini_virus_isolate_SAfiA-590-68,_complete_genome
6115	2864	 0.036	MN769613.1_MAG:_TTV-like_mini_virus_isolate_SAfiA-613-2,_complete_genome
6116	2611	 0.036	MN775751.1_MAG:_Torque_teno_midi_virus_isolate_SAfiA-365-42_ORF1_gene,_complete_cds
6117	2952	 0.036	MN770091.1_MAG:_TTV-like_mini_virus_isolate_SAfiA-574-5,_complete_genome
6118	3099	 0.036	MN780454.1_MAG:_Torque_teno_midi_virus_isolate_SAfiA-831-6_ORF1_gene,_complete_cds
6119	2493	 0.036	MN776485.1_MAG:_Torque_teno_midi_virus_isolate_SAfiA-785-144_ORF1_gene,_complete_cds
6120	2861	 0.036	MN768665.1_MAG:_Torque_teno_mini_virus_isolate_SAfiA-731-8,_complete_ORF1
6121	2874	 0.036	MN769097.1_MAG:_TTV-like_mini_virus_isolate_SAfiA-23-2,_complete_genome
6122	2540	 0.036	MN779484.1_MAG:_Torque_teno_midi_virus_isolate_SAfiA-297-145_ORF1_gene,_complete_cds
6123	2893	 0.036	MN770683.1_MAG:_TTV-like_mini_virus_isolate_SAfiA-577-109,_complete_genome
6124	2472	 0.036	MN777460.1_MAG:_Torque_teno_midi_virus_isolate_SAfiA-659-57_ORF1_gene,_complete_cds
6125	2574	 0.036	MN777712.1_MAG:_Torque_teno_midi_virus_isolate_SAfiA-102-92_ORF1_gene,_complete_cds
6126	2914	 0.036	MN771137.1_MAG:_TTV-like_mini_virus_isolate_SAfiA-541-10,_complete_genome
6127	2933	 0.036	MN776987.1_MAG:_Torque_teno_midi_virus_isolate_SAfiA-716-17_ORF1_gene,_complete_cds
6128	2539	 0.036	MN775382.1_MAG:_Torque_teno_midi_virus_isolate_SAfiA-565-43_ORF1_gene,_complete_cds
6129	2538	 0.036	MZ286139.1_Anelloviridae_sp._isolate_SP43_C12,_complete_genome
6130	2510	 0.035	MN776473.1_MAG:_Torque_teno_midi_virus_isolate_SAfiA-628-109_ORF1_gene,_complete_cds
6131	2866	 0.035	MN770242.1_MAG:_TTV-like_mini_virus_isolate_SAfiA-8A-30,_complete_genome
6132	2867	 0.035	MN771352.1_MAG:_TTV-like_mini_virus_isolate_SAfiA-335-6,_complete_genome
6133	2595	 0.035	MN779548.1_MAG:_Torque_teno_midi_virus_isolate_SAfiA-388-270_ORF1_gene,_complete_cds
6134	2496	 0.035	MN779998.1_MAG:_Torque_teno_midi_virus_isolate_SAfiA-587-329_ORF1_gene,_complete_cds
6135	2769	 0.035	MN771409.1_MAG:_TTV-like_mini_virus_isolate_SAfiA-316-34,_complete_genome
6136	2727	 0.035	MN768989.1_MAG:_Torque_teno_mini_virus_isolate_SAfiA-306A-45,_complete_ORF1
6137	2609	 0.035	MN778122.1_MAG:_Torque_teno_midi_virus_isolate_SAfiA-4-37_ORF1_gene,_complete_cds
6138	2480	 0.035	MN775881.1_MAG:_Torque_teno_midi_virus_isolate_SAfiA-666-41_ORF1_gene,_complete_cds
6139	2480	 0.035	MN777271.1_MAG:_Torque_teno_midi_virus_isolate_SAfiA-770-11_ORF1_gene,_complete_cds
6140	2572	 0.035	MN775916.1_MAG:_Torque_teno_midi_virus_isolate_SAfiA-346-116_ORF1_gene,_complete_cds
6141	2303	 0.035	MN165105.1_Torque_teno_midi_virus_isolate_Chzj0798_hypothetical_protein_gene,_complete_cds
6142	2485	 0.035	MN776075.1_MAG:_Torque_teno_midi_virus_isolate_SAfiA-485-68_ORF1_gene,_complete_cds
6143	2766	 0.035	MN768670.1_MAG:_Torque_teno_mini_virus_isolate_SAfiA-741-3,_complete_ORF1
6144	2929	 0.035	MN770341.1_MAG:_TTV-like_mini_virus_isolate_SAfiA-278-7,_complete_genome
6145	2848	 0.035	MN769329.1_MAG:_TTV-like_mini_virus_isolate_SAfiA-388-89,_complete_genome
6146	2895	 0.035	MN769649.1_MAG:_TTV-like_mini_virus_isolate_SAfiA-646-11,_complete_genome
6147	2836	 0.035	MN770050.1_MAG:_TTV-like_mini_virus_isolate_SAfiA-311-17,_complete_genome
6148	2633	 0.035	MN775782.1_MAG:_Torque_teno_midi_virus_isolate_SAfiA-581-71_ORF1_gene,_complete_cds
6149	2531	 0.034	MN777687.1_MAG:_Torque_teno_midi_virus_isolate_SAfiA-861-277_ORF1_gene,_complete_cds
6150	2644	 0.034	MZ286067.1_Anelloviridae_sp._isolate_SP25_C2,_complete_genome
6151	3054	 0.034	MN778921.1_MAG:_Torque_teno_midi_virus_isolate_SAfiA-628-6_ORF1_gene,_complete_cds
6152	2913	 0.034	MN769972.1_MAG:_TTV-like_mini_virus_isolate_SAfiA-590-36,_complete_genome
6153	2537	 0.034	MN776099.1_MAG:_Torque_teno_midi_virus_isolate_SAfiA-13-14_ORF1_gene,_complete_cds
6154	2464	 0.034	MN776454.1_MAG:_Torque_teno_midi_virus_isolate_SAfiA-435-24_ORF1_gene,_complete_cds
6155	2673	 0.034	MN777906.1_MAG:_Torque_teno_midi_virus_isolate_SAfiA-396-21_ORF1_gene,_complete_cds
6156	2593	 0.034	MN775616.1_MAG:_Torque_teno_midi_virus_isolate_SAfiA-666-30_ORF1_gene,_complete_cds
6157	2985	 0.034	MN770131.1_MAG:_TTV-like_mini_virus_isolate_SAfiA-267-9,_complete_genome
6158	2527	 0.034	MN775479.1_MAG:_Torque_teno_midi_virus_isolate_SAfiA-49-30_ORF1_gene,_complete_cds
6159	2614	 0.034	MN777764.1_MAG:_Torque_teno_midi_virus_isolate_SAfiA-308-32_ORF1_gene,_complete_cds
6160	2519	 0.034	MN779552.1_MAG:_Torque_teno_midi_virus_isolate_SAfiA-427-18_ORF1_gene,_complete_cds
6161	2552	 0.034	MN778987.1_MAG:_Torque_teno_midi_virus_isolate_SAfiA-369-69_ORF1_gene,_complete_cds
6162	2524	 0.034	MN777562.1_MAG:_Torque_teno_midi_virus_isolate_SAfiA-380-186_ORF1_gene,_complete_cds
6163	2520	 0.034	MN776743.1_MAG:_Torque_teno_midi_virus_isolate_SAfiA-414-63_ORF1_gene,_complete_cds
6164	2690	 0.033	MN776681.1_MAG:_Torque_teno_midi_virus_isolate_SAfiA-599-10_ORF1_gene,_complete_cds
6165	2879	 0.033	MN770574.1_MAG:_TTV-like_mini_virus_isolate_SAfiA-359-13,_complete_genome
6166	2782	 0.033	MN768946.1_MAG:_Torque_teno_mini_virus_isolate_SAfiA-27-12,_complete_ORF1
6167	2636	 0.033	MN778441.1_MAG:_Torque_teno_midi_virus_isolate_SAfiA-6-25_ORF1_gene,_complete_cds
6168	2550	 0.033	MN777129.1_MAG:_Torque_teno_midi_virus_isolate_SAfiA-757-14_ORF1_gene,_complete_cds
6169	2526	 0.033	MN779221.1_MAG:_Torque_teno_midi_virus_isolate_SAfiA-710-41_ORF1_gene,_complete_cds
6170	2654	 0.033	MN778239.1_MAG:_Torque_teno_midi_virus_isolate_SAfiA-475-22_ORF1_gene,_complete_cds
6171	2884	 0.033	MN769687.1_MAG:_TTV-like_mini_virus_isolate_SAfiA-68-12,_complete_genome
6172	2841	 0.033	MN770757.1_MAG:_TTV-like_mini_virus_isolate_SAfiA-71-24,_complete_genome
6173	2366	 0.033	MN777696.1_MAG:_Torque_teno_midi_virus_isolate_SAfiA-330-40_ORF1_gene,_complete_cds
6174	2461	 0.033	MN776566.1_MAG:_Torque_teno_midi_virus_isolate_SAfiA-642-82_ORF1_gene,_complete_cds
6175	2568	 0.033	MN775832.1_MAG:_Torque_teno_midi_virus_isolate_SAfiA-265-38_ORF1_gene,_complete_cds
6176	2539	 0.033	MN779721.1_MAG:_Torque_teno_midi_virus_isolate_SAfiA-587-284_ORF1_gene,_complete_cds
6177	2573	 0.033	MN780056.1_MAG:_Torque_teno_midi_virus_isolate_SAfiA-640-39_ORF1_gene,_complete_cds
6178	2813	 0.032	MN770665.1_MAG:_TTV-like_mini_virus_isolate_SAfiA-566-21,_complete_genome
6179	2643	 0.032	MN776151.1_MAG:_Torque_teno_midi_virus_isolate_SAfiA-234-29_ORF1_gene,_complete_cds
6180	2403	 0.032	MN775142.1_MAG:_Torque_teno_midi_virus_isolate_SAfiA-316-67_ORF1_gene,_complete_cds
6181	2465	 0.032	MN779490.1_MAG:_Torque_teno_midi_virus_isolate_SAfiA-350-80_ORF1_gene,_complete_cds
6182	2674	 0.032	MN768827.1_MAG:_Torque_teno_mini_virus_isolate_SAfiA-763-9,_complete_ORF1
6183	2612	 0.032	MN778421.1_MAG:_Torque_teno_midi_virus_isolate_SAfiA-569-85_ORF1_gene,_complete_cds
6184	2795	 0.032	MN770907.1_MAG:_TTV-like_mini_virus_isolate_SAfiA-311-20,_complete_genome
6185	2876	 0.032	MN769379.1_MAG:_TTV-like_mini_virus_isolate_SAfiA-429-12,_complete_genome
6186	2567	 0.032	MN775494.1_MAG:_Torque_teno_midi_virus_isolate_SAfiA-842-18_ORF1_gene,_complete_cds
6187	2845	 0.032	MN770759.1_MAG:_TTV-like_mini_virus_isolate_SAfiA-73-3,_complete_genome
6188	2565	 0.032	MN776145.1_MAG:_Torque_teno_midi_virus_isolate_SAfiA-232-34_ORF1_gene,_complete_cds
6189	2757	 0.032	MN769014.1_MAG:_Torque_teno_mini_virus_isolate_SAfiA-30-9,_complete_ORF1
6190	3151	 0.032	MN780458.1_MAG:_Torque_teno_midi_virus_isolate_SAfiA-94-6_ORF1_gene,_complete_cds
6191	2909	 0.032	MN769640.1_MAG:_TTV-like_mini_virus_isolate_SAfiA-640-15,_complete_genome
6192	2911	 0.032	MN770373.1_MAG:_TTV-like_mini_virus_isolate_SAfiA-527-1,_complete_genome
6193	2385	 0.032	MN780037.1_MAG:_Torque_teno_midi_virus_isolate_SAfiA-418-48_ORF1_gene,_complete_cds
6194	2727	 0.032	MN776110.1_MAG:_Torque_teno_midi_virus_isolate_SAfiA-626-35_ORF1_gene,_complete_cds
6195	2862	 0.032	MN771467.1_MAG:_TTV-like_mini_virus_isolate_SAfiA-587-56,_complete_genome
6196	2880	 0.032	MN771163.1_MAG:_TTV-like_mini_virus_isolate_SAfiA-676-21,_complete_genome
6197	2598	 0.031	MN780043.1_MAG:_Torque_teno_midi_virus_isolate_SAfiA-500-83_ORF1_gene,_complete_cds
6198	2506	 0.031	MN776208.1_MAG:_Torque_teno_midi_virus_isolate_SAfiA-572-66_ORF1_gene,_complete_cds
6199	3165	 0.031	MN780460.1_MAG:_Torque_teno_midi_virus_isolate_SAfiA-89-2_ORF1_gene,_complete_cds
6200	2671	 0.031	MN778779.1_MAG:_Torque_teno_midi_virus_isolate_SAfiA-543-52_ORF1_gene,_complete_cds
6201	3046	 0.031	MK059772.1_Human_gut-associated_vientovirus_MW,_complete_genome
6202	2604	 0.031	MN776649.1_MAG:_Torque_teno_midi_virus_isolate_SAfiA-475-32_ORF1_gene,_complete_cds
6203	2503	 0.031	MN775457.1_MAG:_Torque_teno_midi_virus_isolate_SAfiA-87-114_ORF1_gene,_complete_cds
6204	2922	 0.031	MN769965.1_MAG:_TTV-like_mini_virus_isolate_SAfiA-582-14,_complete_genome
6205	2622	 0.031	MN775268.1_MAG:_Torque_teno_midi_virus_isolate_SAfiA-578-52_ORF1_gene,_complete_cds
6206	2508	 0.031	MN775604.1_MAG:_Torque_teno_midi_virus_isolate_SAfiA-526-19_ORF1_gene,_complete_cds
6207	2575	 0.031	MN779639.1_MAG:_Torque_teno_midi_virus_isolate_SAfiA-334-59_ORF1_gene,_complete_cds
6208	2835	 0.031	MN771303.1_MAG:_TTV-like_mini_virus_isolate_SAfiA-94-28,_complete_genome
6209	2743	 0.031	MN771451.1_MAG:_TTV-like_mini_virus_isolate_SAfiA-547-20,_complete_genome
6210	2463	 0.031	MN775366.1_MAG:_Torque_teno_midi_virus_isolate_SAfiA-263-55_ORF1_gene,_complete_cds
6211	2566	 0.030	MN775194.1_MAG:_Torque_teno_midi_virus_isolate_SAfiA-106A-49_ORF1_gene,_complete_cds
6212	2722	 0.030	MN768816.1_MAG:_Torque_teno_mini_virus_isolate_SAfiA-94-39,_complete_ORF1
6213	2437	 0.030	MN776380.1_MAG:_Torque_teno_midi_virus_isolate_SAfiA-651-82_ORF1_gene,_complete_cds
6214	2959	 0.030	MN771320.1_MAG:_TTV-like_mini_virus_isolate_SAfiA-252-10,_complete_genome
6215	2372	 0.030	MN776327.1_MAG:_Torque_teno_midi_virus_isolate_SAfiA-369-84_ORF1_gene,_complete_cds
6216	2574	 0.030	MN776298.1_MAG:_Torque_teno_midi_virus_isolate_SAfiA-634-35_ORF1_gene,_complete_cds
6217	2633	 0.030	MN777813.1_MAG:_Torque_teno_midi_virus_isolate_SAfiA-445-12_ORF1_gene,_complete_cds
6218	2605	 0.030	MN777091.1_MAG:_Torque_teno_midi_virus_isolate_SAfiA-615-986_ORF1_gene,_complete_cds
6219	2871	 0.030	MN770932.1_MAG:_TTV-like_mini_virus_isolate_SAfiA-350-23,_complete_genome
6220	2819	 0.030	MZ286053.1_Anelloviridae_sp._isolate_SP22_C6,_complete_genome
6221	2583	 0.030	MN775721.1_MAG:_Torque_teno_midi_virus_isolate_SAfiA-587-270_ORF1_gene,_complete_cds
6222	2497	 0.030	MN777194.1_MAG:_Torque_teno_midi_virus_isolate_SAfiA-319-87_ORF1_gene,_complete_cds
6223	2761	 0.030	MN769252.1_MAG:_TTV-like_mini_virus_isolate_SAfiA-353-43,_complete_genome
6224	2805	 0.030	MN771215.1_MAG:_TTV-like_mini_virus_isolate_SAfiA-581-45,_complete_genome
6225	2485	 0.030	MN776650.1_MAG:_Torque_teno_midi_virus_isolate_SAfiA-478-56_ORF1_gene,_complete_cds
6226	2830	 0.029	MN768984.1_MAG:_Torque_teno_mini_virus_isolate_SAfiA-306A-34,_complete_ORF1
6227	2651	 0.029	MN778665.1_MAG:_Torque_teno_midi_virus_isolate_SAfiA-275-98_ORF1_gene,_complete_cds
6228	2269	 0.029	MN779880.1_MAG:_Torque_teno_midi_virus_isolate_SAfiA-900-5_ORF1_gene,_complete_cds
6229	2720	 0.029	MN770255.1_MAG:_TTV-like_mini_virus_isolate_SAfiA-349-51,_complete_genome
6230	2586	 0.029	MN779751.1_MAG:_Torque_teno_midi_virus_isolate_SAfiA-642-67_ORF1_gene,_complete_cds
6231	2869	 0.029	MN769747.1_MAG:_TTV-like_mini_virus_isolate_SAfiA-810-50,_complete_genome
6232	2638	 0.029	MN778246.1_MAG:_Torque_teno_midi_virus_isolate_SAfiA-49-26_ORF1_gene,_complete_cds
6233	2585	 0.029	MN775030.1_MAG:_Torque_teno_midi_virus_isolate_SAfiA-234-40_ORF1_gene,_complete_cds
6234	2894	 0.029	MN770340.1_MAG:_TTV-like_mini_virus_isolate_SAfiA-270-13,_complete_genome
6235	2924	 0.028	MN769181.1_MAG:_TTV-like_mini_virus_isolate_SAfiA-316-25,_complete_genome
6236	2862	 0.028	MN771053.1_MAG:_TTV-like_mini_virus_isolate_SAfiA-306B-20,_complete_genome
6237	2843	 0.028	MN769648.1_MAG:_TTV-like_mini_virus_isolate_SAfiA-644-8,_complete_genome
6238	2509	 0.028	MN775465.1_MAG:_Torque_teno_midi_virus_isolate_SAfiA-268-30_ORF1_gene,_complete_cds
6239	3101	 0.028	MN776885.1_MAG:_Torque_teno_midi_virus_isolate_SAfiA-313A-4_ORF1_gene,_complete_cds
6240	2494	 0.028	MN775471.1_MAG:_Torque_teno_midi_virus_isolate_SAfiA-393-62_ORF1_gene,_complete_cds
6241	2484	 0.028	MN776242.1_MAG:_Torque_teno_midi_virus_isolate_SAfiA-785-147_ORF1_gene,_complete_cds
6242	2909	 0.028	MN769829.1_MAG:_TTV-like_mini_virus_isolate_SAfiA-99-17,_complete_genome
6243	2362	 0.028	MN777773.1_MAG:_Torque_teno_midi_virus_isolate_SAfiA-332-34_ORF1_gene,_complete_cds
6244	2851	 0.028	MN771301.1_MAG:_TTV-like_mini_virus_isolate_SAfiA-88-46,_complete_genome
6245	3148	 0.028	MN780445.1_MAG:_Torque_teno_midi_virus_isolate_SAfiA-232-6_ORF1_gene,_complete_cds
6246	2899	 0.028	MN769727.1_MAG:_TTV-like_mini_virus_isolate_SAfiA-766-280,_complete_genome
6247	2510	 0.028	MN776615.1_MAG:_Torque_teno_midi_virus_isolate_SAfiA-31-45_ORF1_gene,_complete_cds
6248	2620	 0.028	MN778563.1_MAG:_Torque_teno_midi_virus_isolate_SAfiA-5A-33_ORF1_gene,_complete_cds
6249	2762	 0.028	MN769018.1_MAG:_Torque_teno_mini_virus_isolate_SAfiA-309-31,_complete_ORF1
6250	2703	 0.027	MN768994.1_MAG:_Torque_teno_mini_virus_isolate_SAfiA-306A-52,_complete_ORF1
6251	2896	 0.027	MN771222.1_MAG:_TTV-like_mini_virus_isolate_SAfiA-235-22,_complete_genome
6252	2864	 0.027	MN770047.1_MAG:_TTV-like_mini_virus_isolate_SAfiA-296-18,_complete_genome
6253	2592	 0.027	MN768972.1_MAG:_Torque_teno_mini_virus_isolate_SAfiA-300-27,_complete_ORF1
6254	3203	 0.027	MN767406.1_MAG:_Torque_teno_virus_isolate_SAfiA-634-6_ORF1_gene,_complete_cds
6255	2769	 0.027	MN770622.1_MAG:_TTV-like_mini_virus_isolate_SAfiA-401-33,_complete_genome
6256	2867	 0.027	MN769048.1_MAG:_TTV-like_mini_virus_isolate_SAfiA-109-4,_complete_genome
6257	2433	 0.027	MN779496.1_MAG:_Torque_teno_midi_virus_isolate_SAfiA-361-86_ORF1_gene,_complete_cds
6258	3012	 0.027	MN775059.1_MAG:_Torque_teno_midi_virus_isolate_SAfiA-247-10_ORF1_gene,_complete_cds
6259	2897	 0.027	MN771191.1_MAG:_TTV-like_mini_virus_isolate_SAfiA-833-7,_complete_genome
6260	2630	 0.027	MN768634.1_MAG:_Torque_teno_mini_virus_isolate_SAfiA-69B-65,_complete_ORF1
6261	2925	 0.027	MN768690.1_MAG:_Torque_teno_mini_virus_isolate_SAfiA-789-8,_complete_ORF1
6262	2792	 0.027	MN768672.1_MAG:_Torque_teno_mini_virus_isolate_SAfiA-74-5,_complete_ORF1
6263	2548	 0.027	MN776702.1_MAG:_Torque_teno_midi_virus_isolate_SAfiA-651-62_ORF1_gene,_complete_cds
6264	2972	 0.027	MN770640.1_MAG:_TTV-like_mini_virus_isolate_SAfiA-484-3,_complete_genome
6265	2778	 0.027	MZ286287.1_Anelloviridae_sp._isolate_SP56_C4,_complete_genome
6266	2519	 0.026	MN775154.1_MAG:_Torque_teno_midi_virus_isolate_SAfiA-388-294_ORF1_gene,_complete_cds
6267	2840	 0.026	MN771118.1_MAG:_TTV-like_mini_virus_isolate_SAfiA-45-6,_complete_genome
6268	2641	 0.026	MN779790.1_MAG:_Torque_teno_midi_virus_isolate_SAfiA-868-25_ORF1_gene,_complete_cds
6269	2837	 0.026	MN770389.1_MAG:_TTV-like_mini_virus_isolate_SAfiA-6-15,_complete_genome
6270	2896	 0.026	MN769289.1_MAG:_TTV-like_mini_virus_isolate_SAfiA-370-3,_complete_genome
6271	2987	 0.026	MN769702.1_MAG:_TTV-like_mini_virus_isolate_SAfiA-69B-34,_complete_genome
6272	2997	 0.026	MN770184.1_MAG:_TTV-like_mini_virus_isolate_SAfiA-326-3,_complete_genome
6273	2971	 0.026	MN770521.1_MAG:_TTV-like_mini_virus_isolate_SAfiA-308-11,_complete_genome
6274	2532	 0.026	MN777759.1_MAG:_Torque_teno_midi_virus_isolate_SAfiA-297-148_ORF1_gene,_complete_cds
6275	2471	 0.026	MZ286055.1_Anelloviridae_sp._isolate_SP22_C8,_complete_genome
6276	2520	 0.026	MN779019.1_MAG:_Torque_teno_midi_virus_isolate_SAfiA-33-61_ORF1_gene,_complete_cds
6277	2879	 0.026	MN770707.1_MAG:_TTV-like_mini_virus_isolate_SAfiA-590-46,_complete_genome
6278	2950	 0.026	MN769939.1_MAG:_TTV-like_mini_virus_isolate_SAfiA-413-3,_complete_genome
6279	2549	 0.026	MN777118.1_MAG:_Torque_teno_midi_virus_isolate_SAfiA-676-56_ORF1_gene,_complete_cds
6280	2331	 0.026	MN778103.1_MAG:_Torque_teno_midi_virus_isolate_SAfiA-319-101_ORF1_gene,_complete_cds
6281	2485	 0.026	MN775005.1_MAG:_Torque_teno_midi_virus_isolate_SAfiA-125-29_ORF1_gene,_complete_cds
6282	2540	 0.026	MN779890.1_MAG:_Torque_teno_midi_virus_isolate_SAfiA-267-36_ORF1_gene,_complete_cds
6283	2496	 0.026	MN779710.1_MAG:_Torque_teno_midi_virus_isolate_SAfiA-57-66_ORF1_gene,_complete_cds
6284	2393	 0.026	MN779134.1_MAG:_Torque_teno_midi_virus_isolate_SAfiA-307-12_ORF1_gene,_complete_cds
6285	2548	 0.025	MN775316.1_MAG:_Torque_teno_midi_virus_isolate_SAfiA-242-99_ORF1_gene,_complete_cds
6286	2668	 0.025	MN777573.1_MAG:_Torque_teno_midi_virus_isolate_SAfiA-402-50_ORF1_gene,_complete_cds
6287	2986	 0.025	MN770197.1_MAG:_TTV-like_mini_virus_isolate_SAfiA-500-14,_complete_genome
6288	2643	 0.025	MN768996.1_MAG:_Torque_teno_mini_virus_isolate_SAfiA-306A-58,_complete_ORF1
6289	2616	 0.025	MN779713.1_MAG:_Torque_teno_midi_virus_isolate_SAfiA-577-224_ORF1_gene,_complete_cds
6290	2557	 0.025	MN779926.1_MAG:_Torque_teno_midi_virus_isolate_SAfiA-352-42_ORF1_gene,_complete_cds
6291	2515	 0.025	MN777474.1_MAG:_Torque_teno_midi_virus_isolate_SAfiA-79-9_ORF1_gene,_complete_cds
6292	2560	 0.025	MN777755.1_MAG:_Torque_teno_midi_virus_isolate_SAfiA-263-46_ORF1_gene,_complete_cds
6293	2851	 0.025	MN769406.1_MAG:_TTV-like_mini_virus_isolate_SAfiA-475-12,_complete_genome
6294	2923	 0.025	MN771248.1_MAG:_TTV-like_mini_virus_isolate_SAfiA-410-3,_complete_genome
6295	2982	 0.025	MN770060.1_MAG:_TTV-like_mini_virus_isolate_SAfiA-353-18,_complete_genome
6296	2541	 0.025	MN776663.1_MAG:_Torque_teno_midi_virus_isolate_SAfiA-569-100_ORF1_gene,_complete_cds
6297	2920	 0.025	MN770376.1_MAG:_TTV-like_mini_virus_isolate_SAfiA-558-5,_complete_genome
6298	2906	 0.025	MN771192.1_MAG:_TTV-like_mini_virus_isolate_SAfiA-84-7,_complete_genome
6299	2502	 0.025	MN775216.1_MAG:_Torque_teno_midi_virus_isolate_SAfiA-270-30_ORF1_gene,_complete_cds
6300	2656	 0.025	MN775394.1_MAG:_Torque_teno_midi_virus_isolate_SAfiA-900-4_ORF1_gene,_complete_cds
6301	2510	 0.024	MN775909.1_MAG:_Torque_teno_midi_virus_isolate_SAfiA-242-117_ORF1_gene,_complete_cds
6302	2491	 0.024	MN775537.1_MAG:_Torque_teno_midi_virus_isolate_SAfiA-523-43_ORF1_gene,_complete_cds
6303	2899	 0.024	MN770136.1_MAG:_TTV-like_mini_virus_isolate_SAfiA-31-21,_complete_genome
6304	2580	 0.024	MN778277.1_MAG:_Torque_teno_midi_virus_isolate_SAfiA-5A-37_ORF1_gene,_complete_cds
6305	2666	 0.024	MN776419.1_MAG:_Torque_teno_midi_virus_isolate_SAfiA-102-67_ORF1_gene,_complete_cds
6306	2876	 0.024	MN770894.1_MAG:_TTV-like_mini_virus_isolate_SAfiA-380-31,_complete_genome
6307	2871	 0.024	MN770241.1_MAG:_TTV-like_mini_virus_isolate_SAfiA-862-10,_complete_genome
6308	2712	 0.024	MN768767.1_MAG:_Torque_teno_mini_virus_isolate_SAfiA-88-47,_complete_ORF1
6309	2444	 0.024	MN778666.1_MAG:_Torque_teno_midi_virus_isolate_SAfiA-285B-4_ORF1_gene,_complete_cds
6310	2559	 0.024	MN775311.1_MAG:_Torque_teno_midi_virus_isolate_SAfiA-888-17_ORF1_gene,_complete_cds
6311	2756	 0.024	MN768573.1_MAG:_Torque_teno_mini_virus_isolate_SAfiA-656-14,_complete_ORF1
6312	2768	 0.024	MN770712.1_MAG:_TTV-like_mini_virus_isolate_SAfiA-595-27,_complete_genome
6313	2494	 0.024	MN776652.1_MAG:_Torque_teno_midi_virus_isolate_SAfiA-485-60_ORF1_gene,_complete_cds
6314	2629	 0.023	MN775717.1_MAG:_Torque_teno_midi_virus_isolate_SAfiA-500-75_ORF1_gene,_complete_cds
6315	2554	 0.023	MN775524.1_MAG:_Torque_teno_midi_virus_isolate_SAfiA-386-23_ORF1_gene,_complete_cds
6316	2920	 0.023	MN770990.1_MAG:_TTV-like_mini_virus_isolate_SAfiA-367-27,_complete_genome
6317	3088	 0.023	MN768228.1_MAG:_Torque_teno_virus_isolate_SAfiA-77-70_ORF1_gene,_complete_cds
6318	2513	 0.023	MN778998.1_MAG:_Torque_teno_midi_virus_isolate_SAfiA-577-273_ORF1_gene,_complete_cds
6319	2909	 0.023	MN775976.1_MAG:_Torque_teno_midi_virus_isolate_SAfiA-352-38_ORF1_gene,_complete_cds
6320	2942	 0.023	MN770659.1_MAG:_TTV-like_mini_virus_isolate_SAfiA-542-25,_complete_genome
6321	2475	 0.023	MN775627.1_MAG:_Torque_teno_midi_virus_isolate_SAfiA-120-25_ORF1_gene,_complete_cds
6322	2503	 0.023	MN780325.1_MAG:_Torque_teno_midi_virus_isolate_SAfiA-684-34_ORF1_gene,_complete_cds
6323	2523	 0.023	MN778023.1_MAG:_Torque_teno_midi_virus_isolate_SAfiA-442-52_ORF1_gene,_complete_cds
6324	2499	 0.023	MN779773.1_MAG:_Torque_teno_midi_virus_isolate_SAfiA-716-25_ORF1_gene,_complete_cds
6325	2835	 0.023	MN779328.1_MAG:_Torque_teno_midi_virus_isolate_SAfiA-77-134_ORF1_gene,_complete_cds
6326	2543	 0.022	MN776524.1_MAG:_Torque_teno_midi_virus_isolate_SAfiA-353-117_ORF1_gene,_complete_cds
6327	2683	 0.022	MN770718.1_MAG:_TTV-like_mini_virus_isolate_SAfiA-615-1005,_complete_genome
6328	2933	 0.022	MN770556.1_MAG:_TTV-like_mini_virus_isolate_SAfiA-345-9,_complete_genome
6329	2509	 0.022	MN780427.1_MAG:_Torque_teno_midi_virus_isolate_SAfiA-603-41_ORF1_gene,_complete_cds
6330	2546	 0.022	MN775298.1_MAG:_Torque_teno_midi_virus_isolate_SAfiA-774-221_ORF1_gene,_complete_cds
6331	2184	 0.022	MN777282.1_MAG:_Torque_teno_midi_virus_isolate_SAfiA-121-39_ORF1_gene,_complete_cds
6332	2776	 0.022	MN768967.1_MAG:_Torque_teno_mini_virus_isolate_SAfiA-297-91,_complete_ORF1
6333	2845	 0.022	MN770088.1_MAG:_TTV-like_mini_virus_isolate_SAfiA-558-10,_complete_genome
6334	2590	 0.022	MN777207.1_MAG:_Torque_teno_midi_virus_isolate_SAfiA-502-34_ORF1_gene,_complete_cds
6335	2654	 0.022	MN779678.1_MAG:_Torque_teno_midi_virus_isolate_SAfiA-442-32_ORF1_gene,_complete_cds
6336	2816	 0.022	MN769265.1_MAG:_TTV-like_mini_virus_isolate_SAfiA-359-20,_complete_genome
6337	2903	 0.022	MN770427.1_MAG:_TTV-like_mini_virus_isolate_SAfiA-308-15,_complete_genome
6338	2331	 0.022	MN779481.1_MAG:_Torque_teno_midi_virus_isolate_SAfiA-122-42_ORF1_gene,_complete_cds
6339	2491	 0.022	MN778825.1_MAG:_Torque_teno_midi_virus_isolate_SAfiA-632-3_ORF1_gene,_complete_cds
6340	2881	 0.022	MN770761.1_MAG:_TTV-like_mini_virus_isolate_SAfiA-765-7,_complete_genome
6341	2463	 0.022	MZ286202.1_Anelloviridae_sp._isolate_SP51_C26,_complete_genome
6342	2675	 0.021	MN768601.1_MAG:_Torque_teno_mini_virus_isolate_SAfiA-676-32,_complete_ORF1
6343	2509	 0.021	MN776689.1_MAG:_Torque_teno_midi_virus_isolate_SAfiA-621-22_ORF1_gene,_complete_cds
6344	2669	 0.021	MN765529.1_MAG:_Torque_teno_virus_isolate_SAfiA-874-69_ORF1_gene,_complete_cds
6345	2482	 0.021	MN775264.1_MAG:_Torque_teno_midi_virus_isolate_SAfiA-552-90_ORF1_gene,_complete_cds
6346	2589	 0.021	MN776230.1_MAG:_Torque_teno_midi_virus_isolate_SAfiA-644-40_ORF1_gene,_complete_cds
6347	2595	 0.021	MN779486.1_MAG:_Torque_teno_midi_virus_isolate_SAfiA-332-21_ORF1_gene,_complete_cds
6348	2902	 0.021	MN770353.1_MAG:_TTV-like_mini_virus_isolate_SAfiA-360-15,_complete_genome
6349	2883	 0.021	MN769053.1_MAG:_TTV-like_mini_virus_isolate_SAfiA-116-30,_complete_genome
6350	2986	 0.021	MN776343.1_MAG:_Torque_teno_midi_virus_isolate_SAfiA-577-65_ORF1_gene,_complete_cds
6351	2864	 0.021	MN770176.1_MAG:_TTV-like_mini_virus_isolate_SAfiA-11-23,_complete_genome
6352	2762	 0.021	MZ286275.1_Anelloviridae_sp._isolate_SP43_C8,_complete_genome
6353	2901	 0.021	MN770705.1_MAG:_TTV-like_mini_virus_isolate_SAfiA-590-40,_complete_genome
6354	2565	 0.021	MN776089.1_MAG:_Torque_teno_midi_virus_isolate_SAfiA-625-44_ORF1_gene,_complete_cds
6355	2727	 0.021	MN769839.1_MAG:_TTV-like_mini_virus_isolate_SAfiA-472-4,_complete_genome
6356	2817	 0.021	MN769334.1_MAG:_TTV-like_mini_virus_isolate_SAfiA-390-16,_complete_genome
6357	2933	 0.021	MN769395.1_MAG:_TTV-like_mini_virus_isolate_SAfiA-45-4,_complete_genome
6358	2605	 0.021	MN776948.1_MAG:_Torque_teno_midi_virus_isolate_SAfiA-263-40_ORF1_gene,_complete_cds
6359	2512	 0.021	MN779820.1_MAG:_Torque_teno_midi_virus_isolate_SAfiA-33-63_ORF1_gene,_complete_cds
6360	2751	 0.021	MN768888.1_MAG:_Torque_teno_mini_virus_isolate_SAfiA-242-41,_complete_ORF1
6361	2371	 0.021	MN780071.1_MAG:_Torque_teno_midi_virus_isolate_SAfiA-659-60_ORF1_gene,_complete_cds
6362	2797	 0.021	MN771466.1_MAG:_TTV-like_mini_virus_isolate_SAfiA-587-281,_complete_genome
6363	2428	 0.020	MN775754.1_MAG:_Torque_teno_midi_virus_isolate_SAfiA-414-78_ORF1_gene,_complete_cds
6364	2888	 0.020	MN770387.1_MAG:_TTV-like_mini_virus_isolate_SAfiA-595-20,_complete_genome
6365	2411	 0.020	MN777979.1_MAG:_Torque_teno_midi_virus_isolate_SAfiA-242-133_ORF1_gene,_complete_cds
6366	2832	 0.020	MN769577.1_MAG:_TTV-like_mini_virus_isolate_SAfiA-590-66,_complete_genome
6367	2518	 0.020	MN779987.1_MAG:_Torque_teno_midi_virus_isolate_SAfiA-453-27_ORF1_gene,_complete_cds
6368	2476	 0.020	MN778069.1_MAG:_Torque_teno_midi_virus_isolate_SAfiA-716-26_ORF1_gene,_complete_cds
6369	3057	 0.020	MN780403.1_MAG:_Torque_teno_midi_virus_isolate_SAfiA-847-44_ORF1_gene,_complete_cds
6370	2619	 0.020	MN780141.1_MAG:_Torque_teno_midi_virus_isolate_SAfiA-625-32_ORF1_gene,_complete_cds
6371	2754	 0.020	MN770693.1_MAG:_TTV-like_mini_virus_isolate_SAfiA-581-42,_complete_genome
6372	2472	 0.020	MN779528.1_MAG:_Torque_teno_midi_virus_isolate_SAfiA-234-58_ORF1_gene,_complete_cds
6373	2888	 0.020	MN769092.1_MAG:_TTV-like_mini_virus_isolate_SAfiA-229-9,_complete_genome
6374	2803	 0.020	MN768804.1_MAG:_Torque_teno_mini_virus_isolate_SAfiA-885-5,_complete_ORF1
6375	2936	 0.020	MN771219.1_MAG:_TTV-like_mini_virus_isolate_SAfiA-130-9,_complete_genome
6376	2525	 0.020	MN776072.1_MAG:_Torque_teno_midi_virus_isolate_SAfiA-393-58_ORF1_gene,_complete_cds
6377	2611	 0.020	MN775504.1_MAG:_Torque_teno_midi_virus_isolate_SAfiA-254-83_ORF1_gene,_complete_cds
6378	2923	 0.020	MN771170.1_MAG:_TTV-like_mini_virus_isolate_SAfiA-696-1,_complete_genome
6379	3060	 0.020	MN774955.1_MAG:_Torque_teno_midi_virus_isolate_SAfiA-390-23,_complete_genome
6380	2530	 0.019	MN777568.1_MAG:_Torque_teno_midi_virus_isolate_SAfiA-39-30_ORF1_gene,_complete_cds
6381	3018	 0.019	MN770723.1_MAG:_TTV-like_mini_virus_isolate_SAfiA-622-7,_complete_genome
6382	2547	 0.019	MN779933.1_MAG:_Torque_teno_midi_virus_isolate_SAfiA-401-50_ORF1_gene,_complete_cds
6383	2610	 0.019	MN778400.1_MAG:_Torque_teno_midi_virus_isolate_SAfiA-396-31_ORF1_gene,_complete_cds
6384	2826	 0.019	MN769070.1_MAG:_TTV-like_mini_virus_isolate_SAfiA-124-35,_complete_genome
6385	2585	 0.019	MN777796.1_MAG:_Torque_teno_midi_virus_isolate_SAfiA-38-14_ORF1_gene,_complete_cds
6386	2779	 0.019	MN768815.1_MAG:_Torque_teno_mini_virus_isolate_SAfiA-94-36,_complete_ORF1
6387	2542	 0.019	MN778718.1_MAG:_Torque_teno_midi_virus_isolate_SAfiA-368-32_ORF1_gene,_complete_cds
6388	2949	 0.019	MN770235.1_MAG:_TTV-like_mini_virus_isolate_SAfiA-233-10,_complete_genome
6389	2507	 0.019	MN778442.1_MAG:_Torque_teno_midi_virus_isolate_SAfiA-628-111_ORF1_gene,_complete_cds
6390	2871	 0.019	MN771476.1_MAG:_TTV-like_mini_virus_isolate_SAfiA-616-23,_complete_genome
6391	2898	 0.019	MN768624.1_MAG:_Torque_teno_mini_virus_isolate_SAfiA-692-1,_complete_ORF1
6392	2814	 0.018	MN770443.1_MAG:_TTV-like_mini_virus_isolate_SAfiA-541-16,_complete_genome
6393	2920	 0.018	MN770346.1_MAG:_TTV-like_mini_virus_isolate_SAfiA-332-4,_complete_genome
6394	2515	 0.018	MN776703.1_MAG:_Torque_teno_midi_virus_isolate_SAfiA-656-29_ORF1_gene,_complete_cds
6395	2643	 0.018	MN779391.1_MAG:_Torque_teno_midi_virus_isolate_SAfiA-610-36_ORF1_gene,_complete_cds
6396	2293	 0.018	MN780223.1_MAG:_Torque_teno_midi_virus_isolate_SAfiA-393-71_ORF1_gene,_complete_cds
6397	2507	 0.018	MN776408.1_MAG:_Torque_teno_midi_virus_isolate_SAfiA-47-23_ORF1_gene,_complete_cds
6398	2880	 0.018	MN770339.1_MAG:_TTV-like_mini_virus_isolate_SAfiA-247-20,_complete_genome
6399	2499	 0.018	MN775540.1_MAG:_Torque_teno_midi_virus_isolate_SAfiA-552-92_ORF1_gene,_complete_cds
6400	2509	 0.018	MN779825.1_MAG:_Torque_teno_midi_virus_isolate_SAfiA-35-158_ORF1_gene,_complete_cds
6401	2831	 0.018	MN769226.1_MAG:_TTV-like_mini_virus_isolate_SAfiA-346-33,_complete_genome
6402	2807	 0.018	MN769603.1_MAG:_TTV-like_mini_virus_isolate_SAfiA-610-21,_complete_genome
6403	2856	 0.018	MN771150.1_MAG:_TTV-like_mini_virus_isolate_SAfiA-611-151,_complete_genome
6404	2781	 0.018	MN770395.1_MAG:_TTV-like_mini_virus_isolate_SAfiA-676-31,_complete_genome
6405	2941	 0.018	MN769380.1_MAG:_TTV-like_mini_virus_isolate_SAfiA-434-4,_complete_genome
6406	2547	 0.018	MN778976.1_MAG:_Torque_teno_midi_virus_isolate_SAfiA-235-108_ORF1_gene,_complete_cds
6407	2853	 0.018	MN770589.1_MAG:_TTV-like_mini_virus_isolate_SAfiA-380-62,_complete_genome
6408	2501	 0.018	MN780076.1_MAG:_Torque_teno_midi_virus_isolate_SAfiA-262-16_ORF1_gene,_complete_cds
6409	3503	 0.018	MN765198.1_MAG:_Torque_teno_virus_isolate_SAfiA-572-4,_complete_genome
6410	2523	 0.017	MN776771.1_MAG:_Torque_teno_midi_virus_isolate_SAfiA-229-17_ORF1_gene,_complete_cds
6411	2479	 0.017	MN780125.1_MAG:_Torque_teno_midi_virus_isolate_SAfiA-404-20_ORF1_gene,_complete_cds
6412	2581	 0.017	MN776187.1_MAG:_Torque_teno_midi_virus_isolate_SAfiA-393-54_ORF1_gene,_complete_cds
6413	2610	 0.017	MN778808.1_MAG:_Torque_teno_midi_virus_isolate_SAfiA-604-41_ORF1_gene,_complete_cds
6414	2870	 0.017	MN770167.1_MAG:_TTV-like_mini_virus_isolate_SAfiA-683-5,_complete_genome
6415	2580	 0.017	MN779628.1_MAG:_Torque_teno_midi_virus_isolate_SAfiA-319-63_ORF1_gene,_complete_cds
6416	2911	 0.017	MN770690.1_MAG:_TTV-like_mini_virus_isolate_SAfiA-581-31,_complete_genome
6417	2851	 0.017	MN771437.1_MAG:_TTV-like_mini_virus_isolate_SAfiA-457-6,_complete_genome
6418	2426	 0.017	MN779539.1_MAG:_Torque_teno_midi_virus_isolate_SAfiA-346-200_ORF1_gene,_complete_cds
6419	2460	 0.017	MN779203.1_MAG:_Torque_teno_midi_virus_isolate_SAfiA-598-18_ORF1_gene,_complete_cds
6420	2960	 0.017	MN769746.1_MAG:_TTV-like_mini_virus_isolate_SAfiA-810-48,_complete_genome
6421	3557	 0.017	MN767455.1_MAG:_Torque_teno_virus_isolate_SAfiA-258A-12_ORF1_gene,_complete_cds
6422	2831	 0.017	MN768675.1_MAG:_Torque_teno_mini_virus_isolate_SAfiA-757-8,_complete_ORF1
6423	2942	 0.017	MN770156.1_MAG:_TTV-like_mini_virus_isolate_SAfiA-573-14,_complete_genome
6424	2848	 0.016	MZ286230.1_Anelloviridae_sp._isolate_SP4_C2,_complete_genome
6425	2575	 0.016	MN776304.1_MAG:_Torque_teno_midi_virus_isolate_SAfiA-810-99_ORF1_gene,_complete_cds
6426	2883	 0.016	MN771308.1_MAG:_TTV-like_mini_virus_isolate_SAfiA-676-20,_complete_genome
6427	2536	 0.016	MN777909.1_MAG:_Torque_teno_midi_virus_isolate_SAfiA-449-26_ORF1_gene,_complete_cds
6428	2478	 0.016	MN775483.1_MAG:_Torque_teno_midi_virus_isolate_SAfiA-593-60_ORF1_gene,_complete_cds
6429	2845	 0.016	MN771417.1_MAG:_TTV-like_mini_virus_isolate_SAfiA-353-38,_complete_genome
6430	2804	 0.016	MN768657.1_MAG:_Torque_teno_mini_virus_isolate_SAfiA-721-26,_complete_ORF1
6431	2611	 0.016	MN779183.1_MAG:_Torque_teno_midi_virus_isolate_SAfiA-526-12_ORF1_gene,_complete_cds
6432	2361	 0.016	MN778583.1_MAG:_Torque_teno_midi_virus_isolate_SAfiA-642-85_ORF1_gene,_complete_cds
6433	2502	 0.016	MN777619.1_MAG:_Torque_teno_midi_virus_isolate_SAfiA-577-282_ORF1_gene,_complete_cds
6434	7482	 0.016	MH118044.1_Coxsackievirus_A10_strain_13-2357-1,_complete_genome
6435	2912	 0.016	MN769103.1_MAG:_TTV-like_mini_virus_isolate_SAfiA-235-27,_complete_genome
6436	3111	 0.016	MN780477.1_MAG:_Torque_teno_midi_virus_isolate_SAfiA-547-6_ORF1_gene,_complete_cds
6437	2547	 0.016	MN780212.1_MAG:_Torque_teno_midi_virus_isolate_SAfiA-369-70_ORF1_gene,_complete_cds
6438	2745	 0.016	MN775053.1_MAG:_Torque_teno_midi_virus_isolate_SAfiA-859-19_ORF1_gene,_complete_cds
6439	2247	 0.016	MN775274.1_MAG:_Torque_teno_midi_virus_isolate_SAfiA-587-360_ORF1_gene,_complete_cds
6440	2906	 0.016	MN770797.1_MAG:_TTV-like_mini_virus_isolate_SAfiA-883-6,_complete_genome
6441	2630	 0.015	MN775706.1_MAG:_Torque_teno_midi_virus_isolate_SAfiA-113-37_ORF1_gene,_complete_cds
6442	2437	 0.015	MN775730.1_MAG:_Torque_teno_midi_virus_isolate_SAfiA-710-44_ORF1_gene,_complete_cds
6443	2863	 0.015	MN770917.1_MAG:_TTV-like_mini_virus_isolate_SAfiA-833-11,_complete_genome
6444	2982	 0.015	MN770236.1_MAG:_TTV-like_mini_virus_isolate_SAfiA-254-15,_complete_genome
6445	2508	 0.015	MN778507.1_MAG:_Torque_teno_midi_virus_isolate_SAfiA-346-152_ORF1_gene,_complete_cds
6446	2461	 0.015	MN780426.1_MAG:_Torque_teno_midi_virus_isolate_SAfiA-321-11_ORF1_gene,_complete_cds
6447	2518	 0.015	MN780430.1_MAG:_Torque_teno_midi_virus_isolate_SAfiA-265-42_ORF1_gene,_complete_cds
6448	2527	 0.015	MN776624.1_MAG:_Torque_teno_midi_virus_isolate_SAfiA-33-59_ORF1_gene,_complete_cds
6449	2646	 0.015	MN778169.1_MAG:_Torque_teno_midi_virus_isolate_SAfiA-235-71_ORF1_gene,_complete_cds
6450	2410	 0.015	MN775722.1_MAG:_Torque_teno_midi_virus_isolate_SAfiA-605-4_ORF1_gene,_complete_cds
6451	2901	 0.015	MN771263.1_MAG:_TTV-like_mini_virus_isolate_SAfiA-577-93,_complete_genome
6452	2879	 0.015	MZ286058.1_Anelloviridae_sp._isolate_SP23_C4,_complete_genome
6453	2882	 0.014	MN769563.1_MAG:_TTV-like_mini_virus_isolate_SAfiA-587-53,_complete_genome
6454	7495	 0.014	MH118054.1_Coxsackievirus_A10_strain_12-2067-2,_complete_genome
6455	2883	 0.014	MN769607.1_MAG:_TTV-like_mini_virus_isolate_SAfiA-611-147,_complete_genome
6456	2822	 0.014	MZ286147.1_Anelloviridae_sp._isolate_SP45_C5,_complete_genome
6457	2753	 0.014	MN770513.1_MAG:_TTV-like_mini_virus_isolate_SAfiA-301-16,_complete_genome
6458	2475	 0.014	MN778128.1_MAG:_Torque_teno_midi_virus_isolate_SAfiA-514-58_ORF1_gene,_complete_cds
6459	2851	 0.014	MN770064.1_MAG:_TTV-like_mini_virus_isolate_SAfiA-359-21,_complete_genome
6460	2400	 0.014	OL694796.1_Torque_teno_mini_virus_4_isolate_TTMV-AMS-S1-51_ORF1_gene,_complete_cds
6461	2797	 0.014	MN768945.1_MAG:_Torque_teno_mini_virus_isolate_SAfiA-27-10,_complete_ORF1
6462	2884	 0.014	MN769684.1_MAG:_TTV-like_mini_virus_isolate_SAfiA-679-14,_complete_genome
6463	2578	 0.014	MN776763.1_MAG:_Torque_teno_midi_virus_isolate_SAfiA-102-90_ORF1_gene,_complete_cds
6464	2767	 0.014	MN771420.1_MAG:_TTV-like_mini_virus_isolate_SAfiA-367-44,_complete_genome
6465	2610	 0.014	MN778201.1_MAG:_Torque_teno_midi_virus_isolate_SAfiA-346-97_ORF1_gene,_complete_cds
6466	2518	 0.014	MN776068.1_MAG:_Torque_teno_midi_virus_isolate_SAfiA-353-127_ORF1_gene,_complete_cds
6467	2562	 0.014	MN775407.1_MAG:_Torque_teno_midi_virus_isolate_SAfiA-268-27_ORF1_gene,_complete_cds
6468	2586	 0.014	MN776847.1_MAG:_Torque_teno_midi_virus_isolate_SAfiA-593-50_ORF1_gene,_complete_cds
6469	2619	 0.014	MN776417.1_MAG:_Torque_teno_midi_virus_isolate_SAfiA-727-8_ORF1_gene,_complete_cds
6470	2860	 0.014	MN771213.1_MAG:_TTV-like_mini_virus_isolate_SAfiA-445-5,_complete_genome
6471	2738	 0.014	MN768861.1_MAG:_Torque_teno_mini_virus_isolate_SAfiA-235-57,_complete_ORF1
6472	2738	 0.014	MN778465.1_MAG:_Torque_teno_midi_virus_isolate_SAfiA-569-55_ORF1_gene,_complete_cds
6473	2563	 0.014	MN779143.1_MAG:_Torque_teno_midi_virus_isolate_SAfiA-33-53_ORF1_gene,_complete_cds
6474	2620	 0.014	MN779062.1_MAG:_Torque_teno_midi_virus_isolate_SAfiA-306B-61_ORF1_gene,_complete_cds
6475	2505	 0.013	MN775701.1_MAG:_Torque_teno_midi_virus_isolate_SAfiA-873-60_ORF1_gene,_complete_cds
6476	3159	 0.013	MN766135.1_MAG:_Torque_teno_virus_isolate_SAfiA-252-5_ORF1_gene,_complete_cds
6477	2551	 0.013	MN778293.1_MAG:_Torque_teno_midi_virus_isolate_SAfiA-624-33_ORF1_gene,_complete_cds
6478	2793	 0.013	MN770207.1_MAG:_TTV-like_mini_virus_isolate_SAfiA-716-11,_complete_genome
6479	2827	 0.013	OL694800.1_Torque_teno_mini_virus_10_isolate_TTMV-AMS-S1-55_ORF1_gene,_complete_cds
6480	2916	 0.013	MN769694.1_MAG:_TTV-like_mini_virus_isolate_SAfiA-690-2,_complete_genome
6481	2518	 0.013	MN775563.1_MAG:_Torque_teno_midi_virus_isolate_SAfiA-644-53_ORF1_gene,_complete_cds
6482	2622	 0.013	MN778188.1_MAG:_Torque_teno_midi_virus_isolate_SAfiA-325-37_ORF1_gene,_complete_cds
6483	2561	 0.013	MN779688.1_MAG:_Torque_teno_midi_virus_isolate_SAfiA-470-21_ORF1_gene,_complete_cds
6484	3045	 0.013	MN780447.1_MAG:_Torque_teno_midi_virus_isolate_SAfiA-254-17_ORF1_gene,_complete_cds
6485	2665	 0.013	MN775217.1_MAG:_Torque_teno_midi_virus_isolate_SAfiA-27-15_ORF1_gene,_complete_cds
6486	2845	 0.013	MN770573.1_MAG:_TTV-like_mini_virus_isolate_SAfiA-35-66,_complete_genome
6487	2452	 0.013	MN778187.1_MAG:_Torque_teno_midi_virus_isolate_SAfiA-320-14_ORF1_gene,_complete_cds
6488	2446	 0.013	MN775883.1_MAG:_Torque_teno_midi_virus_isolate_SAfiA-716-27_ORF1_gene,_complete_cds
6489	2510	 0.013	MN778483.1_MAG:_Torque_teno_midi_virus_isolate_SAfiA-235-117_ORF1_gene,_complete_cds
6490	2869	 0.012	MN770875.1_MAG:_TTV-like_mini_virus_isolate_SAfiA-484-10,_complete_genome
6491	2807	 0.012	MN768615.1_MAG:_Torque_teno_mini_virus_isolate_SAfiA-686-20,_complete_ORF1
6492	2567	 0.012	MN778941.1_MAG:_Torque_teno_midi_virus_isolate_SAfiA-272-25_ORF1_gene,_complete_cds
6493	2512	 0.012	MN776218.1_MAG:_Torque_teno_midi_virus_isolate_SAfiA-593-63_ORF1_gene,_complete_cds
6494	2638	 0.012	MN780113.1_MAG:_Torque_teno_midi_virus_isolate_SAfiA-102-75_ORF1_gene,_complete_cds
6495	2830	 0.012	MN770946.1_MAG:_TTV-like_mini_virus_isolate_SAfiA-51-28,_complete_genome
6496	2819	 0.012	MN770653.1_MAG:_TTV-like_mini_virus_isolate_SAfiA-532-12,_complete_genome
6497	2292	 0.012	MN779080.1_MAG:_Torque_teno_midi_virus_isolate_SAfiA-628-132_ORF1_gene,_complete_cds
6498	2638	 0.012	MN768868.1_MAG:_Torque_teno_mini_virus_isolate_SAfiA-235-70,_complete_ORF1
6499	2487	 0.012	MN777572.1_MAG:_Torque_teno_midi_virus_isolate_SAfiA-398-43_ORF1_gene,_complete_cds
6500	2527	 0.012	MN775505.1_MAG:_Torque_teno_midi_virus_isolate_SAfiA-306A-78_ORF1_gene,_complete_cds
6501	2517	 0.012	MN778117.1_MAG:_Torque_teno_midi_virus_isolate_SAfiA-331-57_ORF1_gene,_complete_cds
6502	3182	 0.012	MN780455.1_MAG:_Torque_teno_midi_virus_isolate_SAfiA-681-1_ORF1_gene,_complete_cds
6503	3016	 0.012	MZ286207.1_Anelloviridae_sp._isolate_SP53_C1,_complete_genome
6504	2462	 0.012	MN776892.1_MAG:_Torque_teno_midi_virus_isolate_SAfiA-125-30_ORF1_gene,_complete_cds
6505	2477	 0.012	MN780365.1_MAG:_Torque_teno_midi_virus_isolate_SAfiA-315-1_ORF1_gene,_complete_cds
6506	2893	 0.012	MN769482.1_MAG:_TTV-like_mini_virus_isolate_SAfiA-548-8,_complete_genome
6507	2834	 0.012	MZ286293.1_Anelloviridae_sp._isolate_SP60_C5,_complete_genome
6508	3704	 0.012	MN767680.1_MAG:_Torque_teno_virus_isolate_SAfiA-638-1_ORF1_gene,_complete_cds
6509	2450	 0.012	MN777241.1_MAG:_Torque_teno_midi_virus_isolate_SAfiA-35-167_ORF1_gene,_complete_cds
6510	2918	 0.012	MN770092.1_MAG:_TTV-like_mini_virus_isolate_SAfiA-581-13,_complete_genome
6511	2933	 0.012	MN769951.1_MAG:_TTV-like_mini_virus_isolate_SAfiA-569-3,_complete_genome
6512	3007	 0.011	MN776341.1_MAG:_Torque_teno_midi_virus_isolate_SAfiA-567-8_ORF1_gene,_complete_cds
6513	2863	 0.011	MN770916.1_MAG:_TTV-like_mini_virus_isolate_SAfiA-83-2,_complete_genome
6514	2883	 0.011	MN771304.1_MAG:_TTV-like_mini_virus_isolate_SAfiA-119-9,_complete_genome
6515	2869	 0.011	MN771459.1_MAG:_TTV-like_mini_virus_isolate_SAfiA-578-15,_complete_genome
6516	2882	 0.011	MN769729.1_MAG:_TTV-like_mini_virus_isolate_SAfiA-772-15,_complete_genome
6517	2892	 0.011	MN769905.1_MAG:_TTV-like_mini_virus_isolate_SAfiA-346-26,_complete_genome
6518	3417	 0.011	MN768214.1_MAG:_Torque_teno_virus_isolate_SAfiA-582-3_ORF1_gene,_complete_cds
6519	2864	 0.011	MN771156.1_MAG:_TTV-like_mini_virus_isolate_SAfiA-634-20,_complete_genome
6520	2859	 0.011	MN770965.1_MAG:_TTV-like_mini_virus_isolate_SAfiA-113-22,_complete_genome
6521	2859	 0.011	MN771022.1_MAG:_TTV-like_mini_virus_isolate_SAfiA-873-33,_complete_genome
6522	2652	 0.011	MN775043.1_MAG:_Torque_teno_midi_virus_isolate_SAfiA-502-32_ORF1_gene,_complete_cds
6523	2957	 0.011	MN771499.1_MAG:_TTV-like_mini_virus_isolate_SAfiA-766-277,_complete_genome
6524	2580	 0.011	MN776657.1_MAG:_Torque_teno_midi_virus_isolate_SAfiA-517-20_ORF1_gene,_complete_cds
6525	2878	 0.011	MN771312.1_MAG:_TTV-like_mini_virus_isolate_SAfiA-254-27,_complete_genome
6526	2584	 0.011	MN778388.1_MAG:_Torque_teno_midi_virus_isolate_SAfiA-353-105_ORF1_gene,_complete_cds
6527	2536	 0.011	MN780361.1_MAG:_Torque_teno_midi_virus_isolate_SAfiA-306A-2_ORF1_gene,_complete_cds
6528	2973	 0.010	MN770006.1_MAG:_TTV-like_mini_virus_isolate_SAfiA-758-3,_complete_genome
6529	3017	 0.010	MN780390.1_MAG:_Torque_teno_midi_virus_isolate_SAfiA-660-726_ORF1_gene,_complete_cds
6530	2589	 0.010	MN777225.1_MAG:_Torque_teno_midi_virus_isolate_SAfiA-659-42_ORF1_gene,_complete_cds
6531	2515	 0.010	MN776712.1_MAG:_Torque_teno_midi_virus_isolate_SAfiA-70-53_ORF1_gene,_complete_cds
6532	2855	 0.010	MZ286271.1_Anelloviridae_sp._isolate_SP42_C2,_complete_genome
6533	2446	 0.010	MN779126.1_MAG:_Torque_teno_midi_virus_isolate_SAfiA-254-140_ORF1_gene,_complete_cds
6534	2604	 0.010	MN777034.1_MAG:_Torque_teno_midi_virus_isolate_SAfiA-445-15_ORF1_gene,_complete_cds
6535	2959	 0.010	MN769844.1_MAG:_TTV-like_mini_virus_isolate_SAfiA-496-1,_complete_genome
6536	2655	 0.010	MN776655.1_MAG:_Torque_teno_midi_virus_isolate_SAfiA-513-7_ORF1_gene,_complete_cds
6537	2540	 0.010	MN775902.1_MAG:_Torque_teno_midi_virus_isolate_SAfiA-587-306_ORF1_gene,_complete_cds
6538	2918	 0.009	MN769469.1_MAG:_TTV-like_mini_virus_isolate_SAfiA-535-6,_complete_genome
6539	2898	 0.009	MN770498.1_MAG:_TTV-like_mini_virus_isolate_SAfiA-265-18,_complete_genome
6540	2388	 0.009	MN778466.1_MAG:_Torque_teno_midi_virus_isolate_SAfiA-577-306_ORF1_gene,_complete_cds
6541	2502	 0.009	MN775990.1_MAG:_Torque_teno_midi_virus_isolate_SAfiA-346-159_ORF1_gene,_complete_cds
6542	2518	 0.009	MN778493.1_MAG:_Torque_teno_midi_virus_isolate_SAfiA-297-151_ORF1_gene,_complete_cds
6543	2852	 0.009	MN770447.1_MAG:_TTV-like_mini_virus_isolate_SAfiA-104-13,_complete_genome
6544	2910	 0.009	MN769372.1_MAG:_TTV-like_mini_virus_isolate_SAfiA-421-13,_complete_genome
6545	2742	 0.009	MN778735.1_MAG:_Torque_teno_midi_virus_isolate_SAfiA-396-13_ORF1_gene,_complete_cds
6546	2514	 0.009	MN776175.1_MAG:_Torque_teno_midi_virus_isolate_SAfiA-334-76_ORF1_gene,_complete_cds
6547	2861	 0.009	MZ286223.1_Anelloviridae_sp._isolate_SP60_C6,_complete_genome
6548	2531	 0.009	MN768743.1_MAG:_Torque_teno_mini_virus_isolate_SAfiA-870-16,_complete_ORF1
6549	2512	 0.009	MN775128.1_MAG:_Torque_teno_midi_virus_isolate_SAfiA-242-115_ORF1_gene,_complete_cds
6550	3043	 0.009	MN780386.1_MAG:_Torque_teno_midi_virus_isolate_SAfiA-574-2_ORF1_gene,_complete_cds
6551	2851	 0.008	MN770778.1_MAG:_TTV-like_mini_virus_isolate_SAfiA-823-4,_complete_genome
6552	2985	 0.008	MN770173.1_MAG:_TTV-like_mini_virus_isolate_SAfiA-838-7,_complete_genome
6553	2774	 0.008	MN771351.1_MAG:_TTV-like_mini_virus_isolate_SAfiA-324-19,_complete_genome
6554	2551	 0.008	MN779673.1_MAG:_Torque_teno_midi_virus_isolate_SAfiA-410-15_ORF1_gene,_complete_cds
6555	2524	 0.008	MN775957.1_MAG:_Torque_teno_midi_virus_isolate_SAfiA-604-57_ORF1_gene,_complete_cds
6556	2550	 0.008	MN778123.1_MAG:_Torque_teno_midi_virus_isolate_SAfiA-485-55_ORF1_gene,_complete_cds
6557	2548	 0.008	MN777209.1_MAG:_Torque_teno_midi_virus_isolate_SAfiA-56-1_ORF1_gene,_complete_cds
6558	2459	 0.008	MN776176.1_MAG:_Torque_teno_midi_virus_isolate_SAfiA-334-86_ORF1_gene,_complete_cds
6559	2899	 0.008	MN770404.1_MAG:_TTV-like_mini_virus_isolate_SAfiA-783-5,_complete_genome
6560	2490	 0.008	MN776021.1_MAG:_Torque_teno_midi_virus_isolate_SAfiA-587-297_ORF1_gene,_complete_cds
6561	2461	 0.008	OL694788.1_Torque_teno_mini_virus_12_isolate_TTMV-AMS-S1-43_ORF1_gene,_complete_cds
6562	2450	 0.008	MN776192.1_MAG:_Torque_teno_midi_virus_isolate_SAfiA-418-45_ORF1_gene,_complete_cds
6563	2493	 0.008	MN775420.1_MAG:_Torque_teno_midi_virus_isolate_SAfiA-361-82_ORF1_gene,_complete_cds
6564	2599	 0.008	MN776472.1_MAG:_Torque_teno_midi_virus_isolate_SAfiA-60-12_ORF1_gene,_complete_cds
6565	2560	 0.008	MN779186.1_MAG:_Torque_teno_midi_virus_isolate_SAfiA-552-89_ORF1_gene,_complete_cds
6566	2531	 0.008	MN775636.1_MAG:_Torque_teno_midi_virus_isolate_SAfiA-315-60_ORF1_gene,_complete_cds
6567	2973	 0.008	MN768640.1_MAG:_Torque_teno_mini_virus_isolate_SAfiA-707-4,_complete_ORF1
6568	2871	 0.008	MN770247.1_MAG:_TTV-like_mini_virus_isolate_SAfiA-254-22,_complete_genome
6569	2659	 0.007	MN778455.1_MAG:_Torque_teno_midi_virus_isolate_SAfiA-785-125_ORF1_gene,_complete_cds
6570	2501	 0.007	MN779428.1_MAG:_Torque_teno_midi_virus_isolate_SAfiA-346-160_ORF1_gene,_complete_cds
6571	2419	 0.007	MN779599.1_MAG:_Torque_teno_midi_virus_isolate_SAfiA-107-66_ORF1_gene,_complete_cds
6572	2615	 0.007	MN777275.1_MAG:_Torque_teno_midi_virus_isolate_SAfiA-800-193_ORF1_gene,_complete_cds
6573	7507	 0.007	KP793687.1_Enterovirus_C_isolate_Brunenders,_complete_genome
6574	2850	 0.007	MN769456.1_MAG:_TTV-like_mini_virus_isolate_SAfiA-519-6,_complete_genome
6575	2831	 0.007	MN768616.1_MAG:_Torque_teno_mini_virus_isolate_SAfiA-687-19,_complete_ORF1
6576	2536	 0.007	MN778728.1_MAG:_Torque_teno_midi_virus_isolate_SAfiA-377-11_ORF1_gene,_complete_cds
6577	2568	 0.007	MN777993.1_MAG:_Torque_teno_midi_virus_isolate_SAfiA-321-14_ORF1_gene,_complete_cds
6578	2476	 0.007	MN775993.1_MAG:_Torque_teno_midi_virus_isolate_SAfiA-346-181_ORF1_gene,_complete_cds
6579	2589	 0.007	MN778843.1_MAG:_Torque_teno_midi_virus_isolate_SAfiA-700-11_ORF1_gene,_complete_cds
6580	2540	 0.007	MN775006.1_MAG:_Torque_teno_midi_virus_isolate_SAfiA-402-68_ORF1_gene,_complete_cds
6581	2872	 0.007	MN770810.1_MAG:_TTV-like_mini_virus_isolate_SAfiA-322-4,_complete_genome
6582	2562	 0.007	MN778214.1_MAG:_Torque_teno_midi_virus_isolate_SAfiA-367-70_ORF1_gene,_complete_cds
6583	2656	 0.007	MN768976.1_MAG:_Torque_teno_mini_virus_isolate_SAfiA-30-12,_complete_ORF1
6584	2863	 0.007	MN770246.1_MAG:_TTV-like_mini_virus_isolate_SAfiA-236-2,_complete_genome
6585	2737	 0.007	MN768863.1_MAG:_Torque_teno_mini_virus_isolate_SAfiA-235-59,_complete_ORF1
6586	2904	 0.006	MN770687.1_MAG:_TTV-like_mini_virus_isolate_SAfiA-577-89,_complete_genome
6587	2592	 0.006	MN775811.1_MAG:_Torque_teno_midi_virus_isolate_SAfiA-581-48_ORF1_gene,_complete_cds
6588	2583	 0.006	MN775876.1_MAG:_Torque_teno_midi_virus_isolate_SAfiA-636-95_ORF1_gene,_complete_cds
6589	2531	 0.006	MN775319.1_MAG:_Torque_teno_midi_virus_isolate_SAfiA-31-42_ORF1_gene,_complete_cds
6590	2568	 0.006	MN778999.1_MAG:_Torque_teno_midi_virus_isolate_SAfiA-581-77_ORF1_gene,_complete_cds
6591	2513	 0.006	MN775404.1_MAG:_Torque_teno_midi_virus_isolate_SAfiA-235-116_ORF1_gene,_complete_cds
6592	2526	 0.006	MN780004.1_MAG:_Torque_teno_midi_virus_isolate_SAfiA-68-23_ORF1_gene,_complete_cds
6593	2669	 0.006	MN776253.1_MAG:_Torque_teno_midi_virus_isolate_SAfiA-241-42_ORF1_gene,_complete_cds
6594	2992	 0.006	MN770170.1_MAG:_TTV-like_mini_virus_isolate_SAfiA-692-0,_complete_genome
6595	2807	 0.006	MN768964.1_MAG:_Torque_teno_mini_virus_isolate_SAfiA-297-108,_complete_ORF1
6596	2914	 0.006	MN770740.1_MAG:_TTV-like_mini_virus_isolate_SAfiA-666-8,_complete_genome
6597	2637	 0.006	MN775929.1_MAG:_Torque_teno_midi_virus_isolate_SAfiA-517-10_ORF1_gene,_complete_cds
6598	2898	 0.005	MN770283.1_MAG:_TTV-like_mini_virus_isolate_SAfiA-122-9,_complete_genome
6599	2538	 0.005	MN777339.1_MAG:_Torque_teno_midi_virus_isolate_SAfiA-104-24_ORF1_gene,_complete_cds
6600	2566	 0.005	MN777884.1_MAG:_Torque_teno_midi_virus_isolate_SAfiA-815-52_ORF1_gene,_complete_cds
6601	2791	 0.005	MN768642.1_MAG:_Torque_teno_mini_virus_isolate_SAfiA-709-7,_complete_ORF1
6602	2891	 0.005	MN770559.1_MAG:_TTV-like_mini_virus_isolate_SAfiA-349-31,_complete_genome
6603	2596	 0.005	MN780366.1_MAG:_Torque_teno_midi_virus_isolate_SAfiA-98-2_ORF1_gene,_complete_cds
6604	2366	 0.005	MN775806.1_MAG:_Torque_teno_midi_virus_isolate_SAfiA-507-14_ORF1_gene,_complete_cds
6605	2531	 0.005	MN776155.1_MAG:_Torque_teno_midi_virus_isolate_SAfiA-242-109_ORF1_gene,_complete_cds
6606	2264	 0.005	MN775344.1_MAG:_Torque_teno_midi_virus_isolate_SAfiA-51-57_ORF1_gene,_complete_cds
6607	2876	 0.005	MN768686.1_MAG:_Torque_teno_mini_virus_isolate_SAfiA-787-16,_complete_ORF1
6608	2811	 0.005	MN770741.1_MAG:_TTV-like_mini_virus_isolate_SAfiA-674-9,_complete_genome
6609	2945	 0.005	MN770204.1_MAG:_TTV-like_mini_virus_isolate_SAfiA-670-5,_complete_genome
6610	2631	 0.004	MN775726.1_MAG:_Torque_teno_midi_virus_isolate_SAfiA-651-48_ORF1_gene,_complete_cds
6611	2431	 0.004	MN777369.1_MAG:_Torque_teno_midi_virus_isolate_SAfiA-319-97_ORF1_gene,_complete_cds
6612	2916	 0.004	MN771295.1_MAG:_TTV-like_mini_virus_isolate_SAfiA-771-10,_complete_genome
6613	2639	 0.004	MN779761.1_MAG:_Torque_teno_midi_virus_isolate_SAfiA-684-16_ORF1_gene,_complete_cds
6614	2563	 0.004	MN779782.1_MAG:_Torque_teno_midi_virus_isolate_SAfiA-81-49_ORF1_gene,_complete_cds
6615	2877	 0.004	MN770371.1_MAG:_TTV-like_mini_virus_isolate_SAfiA-512-7,_complete_genome
6616	2909	 0.004	MN769918.1_MAG:_TTV-like_mini_virus_isolate_SAfiA-353-26,_complete_genome
6617	2850	 0.004	MN769709.1_MAG:_TTV-like_mini_virus_isolate_SAfiA-71-23,_complete_genome
6618	2902	 0.004	MN770381.1_MAG:_TTV-like_mini_virus_isolate_SAfiA-572-20,_complete_genome
6619	2920	 0.004	MN771089.1_MAG:_TTV-like_mini_virus_isolate_SAfiA-271-2,_complete_genome
6620	2592	 0.004	MZ286117.1_Anelloviridae_sp._isolate_SP37_C7,_complete_genome
6621	2467	 0.004	MN775451.1_MAG:_Torque_teno_midi_virus_isolate_SAfiA-615-1076_ORF1_gene,_complete_cds
6622	2590	 0.003	MN778037.1_MAG:_Torque_teno_midi_virus_isolate_SAfiA-582-29_ORF1_gene,_complete_cds
6623	2515	 0.003	MN778085.1_MAG:_Torque_teno_midi_virus_isolate_SAfiA-380-191_ORF1_gene,_complete_cds
6624	2552	 0.003	MN776860.1_MAG:_Torque_teno_midi_virus_isolate_SAfiA-626-53_ORF1_gene,_complete_cds
6625	2877	 0.003	MN771063.1_MAG:_TTV-like_mini_virus_isolate_SAfiA-39-8,_complete_genome
6626	2902	 0.003	MN770388.1_MAG:_TTV-like_mini_virus_isolate_SAfiA-5A-8,_complete_genome
6627	2438	 0.003	MN777067.1_MAG:_Torque_teno_midi_virus_isolate_SAfiA-569-112_ORF1_gene,_complete_cds
6628	2507	 0.003	MN775317.1_MAG:_Torque_teno_midi_virus_isolate_SAfiA-27-17_ORF1_gene,_complete_cds
6629	2611	 0.003	MN780109.1_MAG:_Torque_teno_midi_virus_isolate_SAfiA-687-23_ORF1_gene,_complete_cds
6630	2930	 0.003	MN771389.1_MAG:_TTV-like_mini_virus_isolate_SAfiA-836-449,_complete_genome
6631	2323	 0.003	MN778306.1_MAG:_Torque_teno_midi_virus_isolate_SAfiA-628-133_ORF1_gene,_complete_cds
6632	2713	 0.003	MN768671.1_MAG:_Torque_teno_mini_virus_isolate_SAfiA-743-0,_complete_ORF1
6633	2849	 0.003	MN770028.1_MAG:_TTV-like_mini_virus_isolate_SAfiA-87-35,_complete_genome
6634	2603	 0.003	MN775282.1_MAG:_Torque_teno_midi_virus_isolate_SAfiA-643-12_ORF1_gene,_complete_cds
6635	2531	 0.003	MN775335.1_MAG:_Torque_teno_midi_virus_isolate_SAfiA-867-410_ORF1_gene,_complete_cds
6636	2467	 0.003	MN778016.1_MAG:_Torque_teno_midi_virus_isolate_SAfiA-401-58_ORF1_gene,_complete_cds
6637	2672	 0.002	MN768730.1_MAG:_Torque_teno_mini_virus_isolate_SAfiA-857-250,_complete_ORF1
6638	2923	 0.002	MN770147.1_MAG:_TTV-like_mini_virus_isolate_SAfiA-380-38,_complete_genome
6639	2517	 0.002	MN780095.1_MAG:_Torque_teno_midi_virus_isolate_SAfiA-674-21_ORF1_gene,_complete_cds
6640	2765	 0.002	MN770549.1_MAG:_TTV-like_mini_virus_isolate_SAfiA-338-18,_complete_genome
6641	2566	 0.002	MN768701.1_MAG:_Torque_teno_mini_virus_isolate_SAfiA-817-13,_complete_ORF1
6642	2481	 0.002	MN780299.1_MAG:_Torque_teno_midi_virus_isolate_SAfiA-610-50_ORF1_gene,_complete_cds
6643	2889	 0.002	MN771092.1_MAG:_TTV-like_mini_virus_isolate_SAfiA-287B-10,_complete_genome
6644	2633	 0.002	MN776125.1_MAG:_Torque_teno_midi_virus_isolate_SAfiA-386-18_ORF1_gene,_complete_cds
6645	2527	 0.002	MN778764.1_MAG:_Torque_teno_midi_virus_isolate_SAfiA-485-59_ORF1_gene,_complete_cds
6646	2861	 0.002	MN769954.1_MAG:_TTV-like_mini_virus_isolate_SAfiA-57-29,_complete_genome
6647	2493	 0.002	MN777779.1_MAG:_Torque_teno_midi_virus_isolate_SAfiA-346-169_ORF1_gene,_complete_cds
6648	2494	 0.002	MN775270.1_MAG:_Torque_teno_midi_virus_isolate_SAfiA-582-33_ORF1_gene,_complete_cds
6649	3154	 0.002	MN780459.1_MAG:_Torque_teno_midi_virus_isolate_SAfiA-650-4_ORF1_gene,_complete_cds
6650	2477	 0.002	MN779073.1_MAG:_Torque_teno_midi_virus_isolate_SAfiA-514-57_ORF1_gene,_complete_cds
6651	2973	 0.002	MN769986.1_MAG:_TTV-like_mini_virus_isolate_SAfiA-626-14,_complete_genome
6652	2763	 0.002	MN771386.1_MAG:_TTV-like_mini_virus_isolate_SAfiA-804-54,_complete_genome
6653	2540	 0.002	MN775948.1_MAG:_Torque_teno_midi_virus_isolate_SAfiA-82-12_ORF1_gene,_complete_cds
6654	2894	 0.002	MN771249.1_MAG:_TTV-like_mini_virus_isolate_SAfiA-425-2,_complete_genome
6655	2534	 0.002	MN775111.1_MAG:_Torque_teno_midi_virus_isolate_SAfiA-626-58_ORF1_gene,_complete_cds
6656	2902	 0.001	MN770406.1_MAG:_TTV-like_mini_virus_isolate_SAfiA-787-13,_complete_genome
6657	2554	 0.001	MN777196.1_MAG:_Torque_teno_midi_virus_isolate_SAfiA-358-18_ORF1_gene,_complete_cds
6658	2814	 0.001	MN770441.1_MAG:_TTV-like_mini_virus_isolate_SAfiA-364-16,_complete_genome
6659	2521	 0.001	MN777471.1_MAG:_Torque_teno_midi_virus_isolate_SAfiA-766-364_ORF1_gene,_complete_cds
6660	2802	 0.001	MN770496.1_MAG:_TTV-like_mini_virus_isolate_SAfiA-262-9,_complete_genome
6661	2947	 0.001	MN770606.1_MAG:_TTV-like_mini_virus_isolate_SAfiA-388-58,_complete_genome
6662	2421	 0.001	MN780026.1_MAG:_Torque_teno_midi_virus_isolate_SAfiA-350-82_ORF1_gene,_complete_cds
6663	2589	 0.001	MN777988.1_MAG:_Torque_teno_midi_virus_isolate_SAfiA-297-138_ORF1_gene,_complete_cds
6664	2537	 0.001	MN775459.1_MAG:_Torque_teno_midi_virus_isolate_SAfiA-116-69_ORF1_gene,_complete_cds
6665	2872	 0.001	MN770239.1_MAG:_TTV-like_mini_virus_isolate_SAfiA-453-9,_complete_genome
6666	2643	 0.001	MN776302.1_MAG:_Torque_teno_midi_virus_isolate_SAfiA-74-14_ORF1_gene,_complete_cds
6667	2588	 0.001	MN775324.1_MAG:_Torque_teno_midi_virus_isolate_SAfiA-380-159_ORF1_gene,_complete_cds
6668	2900	 0.001	MN770872.1_MAG:_TTV-like_mini_virus_isolate_SAfiA-542-28,_complete_genome
6669	3111	 0.001	MN774989.1_MAG:_Torque_teno_midi_virus_isolate_SAfiA-405-3,_complete_genome
6670	2920	 0.001	MZ286253.1_Anelloviridae_sp._isolate_SP28_C4,_complete_genome
6671	2868	 0.000	MN768850.1_MAG:_Torque_teno_mini_virus_isolate_SAfiA-233-21,_complete_ORF1
6672	2760	 0.000	MN770799.1_MAG:_TTV-like_mini_virus_isolate_SAfiA-900-2,_complete_genome
6673	2894	 0.000	MN776344.1_MAG:_Torque_teno_midi_virus_isolate_SAfiA-587-26_ORF1_gene,_complete_cds
6674	2924	 0.000	MN770923.1_MAG:_TTV-like_mini_virus_isolate_SAfiA-224-17,_complete_genome
6675	5596	 0.000	MH201455.1_Human_parvovirus_B19_isolate_BX1,_complete_genome
